# This file has been produced by extranormal (v 1.0.1 - February 23, 2017)
# O. Roudenko - Synchrotron SOLEIL. Covered by GPL licence.
#Data from HDF File: /nfs/ruche-rock/rock-soleil/com-rock/2019/Projets/20191212_Matthias/References/Fe_foil/Fe_foil_00002.nxs to Fe_foil_00051.nxs
#Time at start=2019-12-17 11:40:09.919
#Time from start (seconds)=129.268243664
#Sample temperature (C)=nan
# Normalization -------------
# pivot spectrum: Standard_Fe_DE-4_ap_FeCo_with_Fe_foil_Fe_av1150_00001.txt
# E0=7112.0   Eshift=-0.848271196652
# E0_pivot = 7112.0
# pre-edge params: from E0_pivot-220.0 to E0_pivot-20.0
# pre-edge range: [6900.0, 7092.0]
# post-edge params: from E0_pivot+120.0 to E0_pivot+600.0
# post-edge range: [7232.0, 7700.0]
# I jump at E0_pivot = 1.5584076831
# shifted energy	normalized	reference	ref.derivative	I0
        6900   0.00118494    -1.238269  0.001114234     21486.26
        6902  0.001135812    -1.236027  0.001105262     21493.63
        6904  0.001050761    -1.233841  0.001068954     21498.61
        6906 0.0009814438    -1.231767  0.001042587     21501.72
        6908  0.000940142    -1.229717   0.00103991     21505.23
        6910 0.0008832436    -1.227687   0.00105192     21507.83
        6912 0.0007970947    -1.225522  0.001026611     21512.32
        6914 0.0007269956    -1.223351 0.0009849466     21517.46
        6916 0.0006744399    -1.221505  0.000943717     21516.26
        6918 0.0006108996    -1.219807 0.0009157625     21511.49
        6920 0.0005542596    -1.217972 0.0009466933     21509.89
        6922 0.0004893147    -1.216025 0.0009950365     21510.42
        6924 0.0004413809    -1.213931  0.001034906     21514.67
        6926 0.0004115685    -1.211847  0.001076903     21519.32
        6928 0.0003503507    -1.209693  0.001084121     21524.41
        6930 0.0002983775     -1.20741  0.001070124     21532.58
        6932 0.0002511683    -1.205258  0.001050068      21538.1
        6934 0.0001764501    -1.203286  0.001014841     21538.85
        6936 0.0001135267    -1.201292  0.001003172     21540.44
        6938 8.189462e-05    -1.199291  0.001017981     21543.25
        6940 4.661855e-05    -1.197233  0.001038402     21547.17
        6942 3.667316e-06    -1.195142  0.001059305     21551.52
        6944 -5.779348e-05    -1.192985  0.001060734     21556.68
        6946 -0.0001037082    -1.190817  0.001070932      21562.6
        6948 -0.000122496    -1.188747  0.001076376     21567.32
        6950 -0.0001534234    -1.186574  0.001072688     21573.83
        6952 -0.0001856722    -1.184374  0.001064798     21580.91
        6954 -0.0002161182    -1.182235  0.001029499     21586.72
        6956 -0.0002482257    -1.180228 0.0009956791     21589.64
        6958 -0.0002938574    -1.178338 0.0009802103     21589.59
        6960 -0.000345817    -1.176409 0.0009798515     21590.19
        6962 -0.0003839787    -1.174394 0.0009995855     21593.08
        6964 -0.000407889     -1.17239  0.001023101     21596.22
        6966 -0.0004312297    -1.170342   0.00104026     21600.32
        6968 -0.0004477493    -1.168224   0.00105616     21606.15
        6970 -0.0004639963    -1.166072  0.001057826     21612.74
        6972 -0.0004783541     -1.16394  0.001023947     21618.94
        6974 -0.0005136642    -1.161879 0.0009928366     21622.93
        6976 -0.000542379    -1.160032 0.0009976424     21622.52
        6978 -0.0005610938    -1.158129  0.001013285     21623.66
        6980 -0.0005640648    -1.155959  0.001054144     21631.08
        6982 -0.0005847013    -1.153773  0.001085813     21638.26
        6984 -0.0006288405    -1.151599  0.001069005     21644.38
        6986 -0.0006354497    -1.149442  0.001040734      21651.4
        6988 -0.000633037    -1.147407  0.001004247      21656.1
        6990 -0.0006406619    -1.145447 0.0009878155     21658.85
        6992 -0.0006514221    -1.143565 0.0009886038     21659.79
        6994 -0.0006741778     -1.14154 0.0009832509     21663.44
        6996 -0.0006854998    -1.139498 0.0009956339     21667.82
        6998 -0.0006843323    -1.137581  0.001009328     21669.93
        7000 -0.0006910766      -1.1356  0.001020016     21673.16
        7002 -0.0007041213    -1.133465  0.001040956      21679.5
        7004 -0.0006960025    -1.131338  0.001069896     21686.38
        7006 -0.0006991657    -1.129253  0.001082914     21691.98
        7008 -0.000709048    -1.127041  0.001076771     21700.11
        7010 -0.0007066953    -1.124802  0.001077777     21709.22
        7012 -0.0007128655    -1.122724  0.001069812     21714.57
        7014 -0.0007026974    -1.120631  0.001048516      21720.8
        7016 -0.0006781182    -1.118482  0.001034909     21728.72
        7018 -0.0006743837    -1.116414    0.0010177     21734.21
        7020 -0.0006590889    -1.114445  0.001002582     21737.93
        7022 -0.000638732    -1.112489  0.001013751     21741.52
        7024 -0.0006293656    -1.110462  0.001035191     21746.32
        7026 -0.0006164323    -1.108304    0.0010289     21754.06
        7028 -0.0005952855    -1.106163  0.001018253      21761.7
        7030 -0.0005619571    -1.104258 0.0009893504     21764.64
        7032 -0.0005318646    -1.102316 0.0009545615      21768.3
        7034 -0.0005114611    -1.100389 0.0009566744     21771.28
        7036 -0.0004930809    -1.098527 0.0009524051     21772.79
        7038 -0.0004660358    -1.096605 0.0009258448     21775.89
        7040 -0.0004491039    -1.094696 0.0009116748     21778.36
        7042 -0.0004119719    -1.092982   0.00091811      21777.3
        7044 -0.0003522342    -1.091233  0.000944636     21777.75
        7046 -0.0003054304     -1.08926  0.001001008     21782.64
        7048 -0.0002653641    -1.087139  0.001032771      21790.5
        7050 -0.0002180652    -1.084974  0.001021137     21799.57
        7052 -0.0001579339    -1.082971   0.00100337     21805.56
        7054 -9.960506e-05    -1.081091 0.0009861417     21808.82
        7056 -5.260302e-05    -1.079112 0.0009799985     21813.84
        7058 1.533682e-05    -1.077085 0.0009801964     21820.62
        7060 9.924866e-05    -1.075131 0.0009824322     21826.36
        7062  0.000187974    -1.073249  0.000724474     21830.69
        7064 0.0002572912    -1.071253 0.0002967974     21836.85
        7066  0.000537578    -1.071289 0.0004676118        21806
        7068 0.0005730511    -1.072757 0.0008416574     21735.82
        7070 0.0003572557    -1.069508  0.001092545     21759.54
        7072 0.0006473186     -1.06452  0.001496326     21838.09
        7074 0.0007690833    -1.062549  0.001313735     21845.47
        7076 0.0009103673    -1.060786 0.0009182592        21849
        7078    0.0010535    -1.058999  0.000906067     21853.13
        7080  0.001190734    -1.057174 0.0009236288     21857.87
        7082  0.001367323      -1.0553 0.0009327987        21865
        7084  0.001566325    -1.053397 0.0009247657     21873.55
        7086  0.001787817    -1.051536 0.0008346331     21881.95
        7088  0.002034664    -1.049776  0.000198893     21889.02
        7090  0.002359237    -1.048623 -2.625427e-05     21885.46
        7092  0.002494337    -1.051806 0.0006535293     21781.45
        7094  0.002700349    -1.051746 0.0007175384     21750.22
        7096  0.003327532    -1.044547  0.001453286     21888.12
        7098  0.003790624    -1.042883  0.001694258     21900.44
        7100  0.004359449    -1.041519 0.0006022826     21909.82
      7100.2  0.004414246    -1.041398 0.0005958489     21910.34
      7100.4   0.00445623    -1.041277 0.0006053098     21910.43
      7100.6  0.004506174    -1.041166 0.0006036228     21910.59
      7100.8  0.004557394    -1.041035 0.0005824244     21911.22
        7101  0.004622107    -1.040915 0.0005480722     21912.06
      7101.2  0.004695285    -1.040811 0.0005064636     21912.84
      7101.4  0.004758681    -1.040728 0.0004724732     21912.85
      7101.6   0.00483628    -1.040629 0.0004307286     21913.65
      7101.8  0.004907072    -1.040537 0.0004230197      21914.1
        7102   0.00499255    -1.040467 0.0004172795     21914.57
      7102.2  0.005081625    -1.040389 0.0004359422     21915.32
      7102.4  0.005149441    -1.040296 0.0004762607      21915.7
      7102.6  0.005214798    -1.040188 0.0005109475     21916.28
      7102.8   0.00529226    -1.040086 0.0005212291     21917.18
        7103  0.005363566     -1.03998 0.0005062938     21917.93
      7103.2  0.005443004    -1.039879 0.0004712147     21918.89
      7103.4  0.005520707    -1.039783 0.0004240574     21919.63
      7103.6   0.00561866    -1.039709 0.0003972317     21920.62
      7103.8  0.005720611    -1.039641 0.0003580452     21921.59
        7104  0.005805358    -1.039561 0.0003413675     21922.25
      7104.2  0.005900722    -1.039497 0.0003148107     21922.91
      7104.4  0.005999445    -1.039436  0.000257144     21923.64
      7104.6  0.006097242    -1.039389 0.0002284366        21924
      7104.8  0.006189347    -1.039355 0.0001747205      21923.9
        7105  0.006278233    -1.039314 0.0001375647     21923.85
      7105.2  0.006396778    -1.039296 0.0001350615      21924.3
      7105.4  0.006504606    -1.039279 0.0001128811     21924.36
      7105.6  0.006600378    -1.039247 6.884309e-05     21924.34
      7105.8  0.006711395    -1.039224 6.017544e-05     21924.65
        7106  0.006837843    -1.039241 2.164194e-05     21924.61
      7106.2  0.006948907    -1.039231 -1.564606e-05     21924.62
      7106.4  0.007052203     -1.03923 -3.345025e-05     21924.19
      7106.6   0.00718492    -1.039236 -3.657784e-05     21924.59
      7106.8  0.007327053    -1.039268 -3.642422e-05     21924.77
        7107  0.007440809     -1.03926 -6.17612e-05     21924.82
      7107.2  0.007577584    -1.039259 -7.040392e-05     21925.53
      7107.4  0.007729866    -1.039286 -0.0001168227     21926.15
      7107.6  0.007888357    -1.039324 -0.000185857     21926.73
      7107.8  0.008016748    -1.039354 -0.0002113627     21926.47
        7108   0.00817918    -1.039408 -0.0002321539     21926.85
      7108.2  0.008340205    -1.039455 -0.0002869945     21927.32
      7108.4  0.008493027     -1.03951 -0.0003314355     21927.35
      7108.6  0.008658812    -1.039583 -0.0003618596      21927.4
      7108.8  0.008853464    -1.039673 -0.0003824637      21928.1
        7109  0.009038843    -1.039744 -0.0003620034     21928.87
      7109.2  0.009210177    -1.039816 -0.0003482992     21929.17
      7109.4  0.009380166    -1.039873 -0.0004074638     21929.72
      7109.6  0.009569758    -1.039951 -0.0004832386     21930.49
      7109.8  0.009780313     -1.04007 -0.0005733573     21931.08
        7110   0.01001001    -1.040202 -0.0006798745     21932.04
      7110.2   0.01022083    -1.040332 -0.0007675541     21932.41
      7110.4   0.01046161    -1.040495 -0.0008397322     21933.06
      7110.6   0.01072705    -1.040684 -0.0009387221     21933.98
      7110.8   0.01097347    -1.040874 -0.001037787     21934.25
        7111   0.01124384    -1.041083  -0.00112582     21934.92
      7111.2   0.01154362    -1.041326 -0.001242136     21935.32
      7111.4   0.01189233    -1.041585 -0.001368026     21935.38
      7111.6   0.01226177    -1.041868 -0.001463736     21935.63
      7111.8   0.01265406    -1.042177 -0.001552554     21936.08
        7112   0.01305598    -1.042496 -0.001634703     21936.65
      7112.2   0.01347208    -1.042827 -0.001788554     21937.45
      7112.4   0.01388946    -1.043175 -0.001937433      21937.9
      7112.6   0.01435568    -1.043608 -0.002068554     21938.18
      7112.8   0.01484247    -1.044046 -0.002223955     21939.03
        7113    0.0153226    -1.044482 -0.002423975     21939.72
      7113.2   0.01582429    -1.044955 -0.002638406     21940.33
      7113.4   0.01641623    -1.045547 -0.002869683      21941.4
      7113.6   0.01701984    -1.046157 -0.003156345     21942.48
      7113.8   0.01761748    -1.046778  -0.00346881     21943.13
        7114   0.01827902     -1.04748 -0.003879759     21944.17
      7114.2   0.01903323    -1.048322 -0.004335395      21945.3
      7114.4   0.01984802    -1.049261 -0.004878488      21946.4
      7114.6   0.02068591    -1.050246 -0.005523441     21947.26
      7114.8   0.02160308    -1.051383 -0.006280377     21947.52
        7115   0.02266501    -1.052741 -0.007195966     21947.85
      7115.2   0.02383467    -1.054285 -0.008237898      21947.8
      7115.4    0.0251272    -1.056003 -0.009269485     21948.14
      7115.6   0.02657148    -1.057973  -0.01047569     21948.13
      7115.8   0.02815778    -1.060157  -0.01219782     21948.29
        7116   0.02995314    -1.062666  -0.01436836     21948.46
      7116.2   0.03211169    -1.065761  -0.01664205     21948.18
      7116.4   0.03464842    -1.069468  -0.01961066     21947.44
      7116.6   0.03738672     -1.07347  -0.02414758     21947.08
      7116.8   0.04067592    -1.078354  -0.03060546     21946.22
        7117   0.04516313    -1.085079  -0.03729188     21945.94
      7117.2   0.05099969    -1.093952  -0.04562788     21944.67
      7117.4   0.05713653    -1.103304  -0.05711803     21943.16
      7117.6   0.06469737    -1.114857  -0.07169634     21942.04
      7117.8   0.07503299    -1.130774  -0.08629367     21940.06
        7118   0.08833585    -1.151309   -0.1011438      21938.2
      7118.2    0.1019616    -1.172339   -0.1167399     21936.53
      7118.4    0.1171305    -1.195772   -0.1309279      21934.9
      7118.6    0.1354616    -1.224165   -0.1425978     21932.55
      7118.8    0.1560463    -1.256051   -0.1505035     21930.64
        7119    0.1756415    -1.286417   -0.1509581     21928.26
      7119.2    0.1948594    -1.316174   -0.1437328     21926.31
      7119.4    0.2134399    -1.344932   -0.1351472     21924.51
      7119.6    0.2303018    -1.371038   -0.1251142     21922.13
      7119.8    0.2455011    -1.394535   -0.1120312     21920.14
        7120     0.259573    -1.416266  -0.09962143     21918.34
      7120.2    0.2714453    -1.434557  -0.08957269     21916.81
      7120.4     0.281978    -1.450735  -0.08297849     21915.84
      7120.6    0.2920618    -1.466193  -0.07669012     21915.31
      7120.8    0.3027712    -1.482649  -0.07161852     21914.28
        7121    0.3114527    -1.495909   -0.0673204     21914.02
      7121.2     0.319409     -1.50803  -0.06265737     21913.98
      7121.4    0.3273045    -1.520049  -0.05836933     21914.07
      7121.6    0.3356566    -1.532775  -0.05372448     21914.28
      7121.8    0.3421468    -1.542604  -0.04850077     21914.36
        7122    0.3477233    -1.551009  -0.04198831     21914.47
      7122.2    0.3529395     -1.55885  -0.03695069     21914.64
      7122.4    0.3579649    -1.566365  -0.03238089     21915.41
      7122.6    0.3618786    -1.572165  -0.02802715     21915.82
      7122.8    0.3651228    -1.576914  -0.02379704     21916.39
        7123    0.3680967    -1.581271  -0.02162934     21916.31
      7123.2    0.3709305    -1.585403  -0.02128315      21916.4
      7123.4    0.3737196    -1.589468   -0.0224106      21916.4
      7123.6    0.3767681     -1.59394  -0.02505307     21916.37
      7123.8    0.3803345      -1.5992  -0.02988947     21916.75
        7124    0.3845251    -1.605445  -0.03717784     21916.85
      7124.2    0.3897909     -1.61338  -0.04516668     21916.65
      7124.4     0.396573    -1.623683  -0.05326035     21916.35
      7124.6    0.4042143    -1.635333  -0.06225226     21915.85
      7124.8    0.4125441    -1.648054  -0.07273363     21915.42
        7125    0.4224085    -1.663182  -0.08249845     21914.63
      7125.2    0.4345466    -1.681869  -0.08988724     21913.49
      7125.4    0.4471974    -1.701332  -0.09650591     21912.88
      7125.6    0.4593127    -1.719963    -0.102498     21912.19
      7125.8    0.4725844    -1.740387   -0.1081276     21911.73
        7126     0.487816    -1.763868   -0.1126281     21911.19
      7126.2    0.5033632    -1.787834   -0.1160267      21910.8
      7126.4    0.5177885    -1.810066   -0.1187241     21910.11
      7126.6    0.5328131    -1.833208   -0.1218897     21909.93
      7126.8    0.5494295    -1.858847    -0.126018     21909.39
        7127    0.5666041    -1.885346   -0.1294939     21909.08
      7127.2     0.583146     -1.91088   -0.1305651      21908.3
      7127.4    0.5999325    -1.936803     -0.13011     21907.36
      7127.6    0.6171016    -1.963299   -0.1303518     21906.92
      7127.8    0.6340223    -1.989434   -0.1297892     21905.92
        7128    0.6506828    -2.015162   -0.1255708     21904.95
      7128.2    0.6671784    -2.040634   -0.1198754     21903.94
      7128.4    0.6821573    -2.063756   -0.1146891     21902.66
      7128.6    0.6961482    -2.085334   -0.1109541     21901.46
      7128.8    0.7101376    -2.106913   -0.1045748     21900.19
        7129    0.7247182    -2.129398  -0.09843453     21899.26
      7129.2    0.7364355    -2.147416  -0.09268041     21898.43
      7129.4    0.7472875    -2.164082  -0.08715461     21897.68
      7129.6    0.7583217    -2.181057  -0.08237937     21896.37
      7129.8    0.7700597    -2.199121  -0.07804817     21895.23
        7130    0.7793295    -2.213319  -0.07403227     21894.54
      7130.2    0.7879471     -2.22652  -0.06969496     21893.41
      7130.4    0.7969254    -2.240283   -0.0674247     21892.29
      7130.6    0.8064215    -2.254877  -0.06549144     21890.64
      7130.8    0.8145038    -2.267259  -0.06343783     21889.19
        7131    0.8221425    -2.278913  -0.06023336     21888.52
      7131.2    0.8300775    -2.291033  -0.05863268     21887.78
      7131.4    0.8379377    -2.303064  -0.05740598     21886.43
      7131.6    0.8452124    -2.314165  -0.05501538     21885.46
      7131.8    0.8522036    -2.324838   -0.0518512      21884.2
        7132    0.8589018    -2.335046  -0.05011208     21883.12
      7132.2    0.8651462    -2.344545  -0.04940626     21882.07
      7132.4    0.8715068    -2.354255  -0.04790171     21880.38
      7132.6    0.8781284    -2.364363  -0.04679146     21878.86
      7132.8    0.8840545    -2.373367   -0.0464524      21877.8
        7133    0.8897154    -2.381978  -0.04710417     21876.29
      7133.2    0.8959185    -2.391417  -0.04785484     21875.16
      7133.4    0.9028714    -2.402047  -0.04857532     21873.54
      7133.6    0.9091644    -2.411651  -0.04969404     21871.85
      7133.8    0.9152009    -2.420838  -0.05126648     21870.53
        7134    0.9219685    -2.431172   -0.0537157     21869.08
      7134.2    0.9297432     -2.44306  -0.05629259     21867.95
      7134.4    0.9373157    -2.454623  -0.05884156     21867.02
      7134.6    0.9446872    -2.465873  -0.06140826     21866.12
      7134.8    0.9527876    -2.478245   -0.0648137     21865.48
        7135    0.9618987    -2.492186  -0.06866078        21865
      7135.2    0.9712168    -2.506474  -0.07182338     21863.98
      7135.4    0.9805646    -2.520801  -0.07358849     21863.12
      7135.6    0.9902904    -2.535704  -0.07487716     21862.56
      7135.8     1.000299    -2.551057  -0.07632551     21861.79
        7136     1.010279    -2.566376  -0.07657773     21860.77
      7136.2     1.020378    -2.581862  -0.07448166     21860.17
      7136.4     1.030222    -2.596966  -0.07139706     21859.24
      7136.6     1.039152    -2.610642  -0.06791067     21858.38
      7136.8     1.047552    -2.623494  -0.06415783      21857.5
        7137     1.055824     -2.63619  -0.05848238     21855.62
      7137.2     1.063723    -2.648292   -0.0518721     21854.07
      7137.4     1.069713    -2.657428  -0.04394286     21852.28
      7137.6     1.074694    -2.664991  -0.03464128     21850.53
      7137.8     1.078898    -2.671344  -0.02540148     21848.74
        7138     1.082016    -2.676005  -0.01572052     21846.98
      7138.2     1.083267     -2.67775 -0.004787099     21845.36
      7138.4     1.083289    -2.677568  0.007318376     21843.98
      7138.6     1.081878    -2.675174   0.01773429     21842.12
      7138.8     1.078791    -2.670151    0.0277973     21840.65
        7139     1.074714    -2.663562   0.03775986     21839.67
      7139.2     1.069592     -2.65533   0.04650306     21839.03
      7139.4     1.063101    -2.644966   0.05388411     21838.34
      7139.6     1.055558    -2.632948    0.0599893     21837.96
      7139.8     1.047696    -2.620455   0.06331268     21837.12
        7140     1.039455    -2.607339   0.06388431     21836.98
      7140.2     1.031271    -2.594316   0.06424367     21836.73
      7140.4     1.023449    -2.581841   0.06424034     21836.86
      7140.6     1.015417     -2.56906   0.06199714     21836.51
      7140.8     1.007167    -2.555946   0.05914179     21836.01
        7141     1.000143    -2.544718   0.05631147     21836.06
      7141.2     0.993796    -2.534527   0.05376819     21836.49
      7141.4    0.9872385    -2.524011   0.05056185     21836.88
      7141.6    0.9803342    -2.512932    0.0471328     21837.73
      7141.8    0.9749807    -2.504269   0.04333648     21838.61
        7142     0.970393    -2.496821   0.03875226     21839.01
      7142.2    0.9658075    -2.489342    0.0353827     21840.19
      7142.4    0.9612466     -2.48193    0.0321553     21840.71
      7142.6    0.9576187    -2.475963    0.0282793     21841.45
      7142.8    0.9547022    -2.471097   0.02385297     21842.34
        7143    0.9520954    -2.466718   0.02018117     21843.14
      7143.2    0.9498152    -2.462848   0.01684666     21843.96
      7143.4    0.9480692    -2.459818   0.01325376     21844.59
      7143.6    0.9468595     -2.45762  0.009366963     21845.32
      7143.8    0.9460935    -2.456115   0.00567894     21845.99
        7144    0.9458102    -2.455354  0.002157353     21846.86
      7144.2    0.9459517    -2.455275 -0.001257921     21847.31
      7144.4    0.9465408    -2.455894 -0.004351143     21847.73
      7144.6    0.9475261    -2.457121 -0.007147432     21848.34
      7144.8    0.9488227    -2.458835 -0.009897083     21848.95
        7145    0.9504113    -2.460993  -0.01253597     21849.78
      7145.2    0.9524275    -2.463811  -0.01448064     21850.74
      7145.4    0.9547691     -2.46715  -0.01616252      21851.4
      7145.6     0.957073    -2.470419  -0.01768007     21852.31
      7145.8    0.9595059    -2.473923  -0.01918745      21852.5
        7146     0.962282    -2.477955  -0.01991568     21852.81
      7146.2    0.9653934      -2.4825  -0.02037444     21853.34
      7146.4    0.9680533    -2.486352  -0.02050375     21853.65
      7146.6    0.9707092    -2.490222  -0.02016763     21853.42
      7146.8    0.9735622    -2.494358  -0.01987208     21854.08
        7147    0.9765092    -2.498634  -0.01916164     21854.89
      7147.2    0.9790164     -2.50225  -0.01798136     21855.16
      7147.4    0.9813275    -2.505551  -0.01618071     21855.61
      7147.6    0.9835725    -2.508743  -0.01441552      21856.2
      7147.8    0.9855849    -2.511579   -0.0124109     21856.66
        7148    0.9871665    -2.513782 -0.009950711     21856.28
      7148.2    0.9884647     -2.51548 -0.007356382     21857.27
      7148.4     0.989439    -2.516704 -0.004895909      21857.6
      7148.6    0.9901152    -2.517464 -0.002650991     21857.92
      7148.8    0.9904618    -2.517699 -0.0004429857     21858.48
        7149    0.9905923    -2.517601  0.001386328     21858.96
      7149.2    0.9904435    -2.517058  0.003013648     21859.64
      7149.4    0.9901787    -2.516355  0.004693439     21859.89
      7149.6    0.9896801    -2.515288  0.005753665     21860.13
      7149.8    0.9889579    -2.513846  0.006635893     21860.93
        7150    0.9882558    -2.512456  0.007225941     21861.31
      7150.2    0.9875433    -2.511046  0.007504789     21861.73
      7150.4    0.9867547    -2.509507   0.00763323     21862.41
      7150.6    0.9858872    -2.507842  0.007399756     21863.14
      7150.8    0.9851282    -2.506349  0.006844466     21863.82
        7151    0.9845437    -2.505126  0.005875938     21864.53
      7151.2    0.9840482    -2.504032  0.004700833     21865.48
      7151.4    0.9836734    -2.503142  0.003350877     21866.06
      7151.6    0.9835178    -2.502588  0.001663946     21866.74
      7151.8    0.9836309    -2.502446 -0.0003043868     21867.61
        7152    0.9839788      -2.5027 -0.002403463     21867.79
      7152.2     0.984628    -2.503385  -0.00460825     21868.83
      7152.4    0.9855486    -2.504511 -0.006929745     21869.48
      7152.6    0.9867959    -2.506132 -0.009144557     21870.42
      7152.8    0.9883556    -2.508244  -0.01127975     21871.29
        7153    0.9901384    -2.510701  -0.01358717     21872.22
      7153.2     0.992152    -2.513535  -0.01595198     21872.76
      7153.4     0.994586    -2.517002  -0.01772957     21873.78
      7153.6    0.9973686    -2.521006   -0.0192964     21874.95
      7153.8     1.000054    -2.524884  -0.02086771     21875.54
        7154     1.002875    -2.528972  -0.02257717     21876.18
      7154.2     1.006113    -2.533696  -0.02357333     21877.11
      7154.4     1.009767    -2.539068  -0.02436226     21878.08
      7154.6      1.01298    -2.543743  -0.02494709     21879.22
      7154.8     1.016218    -2.548462  -0.02538304     21880.27
        7155     1.019761    -2.553654  -0.02584324     21881.37
      7155.2     1.023622    -2.559374  -0.02602756     21881.77
      7155.4     1.027057    -2.564418  -0.02572948     21882.44
      7155.6     1.030392    -2.569284  -0.02475674     21883.57
      7155.8     1.033772    -2.574237  -0.02393643     21884.33
        7156     1.037136    -2.579179  -0.02292493     21884.81
      7156.2     1.040165    -2.583567  -0.02126001     21885.98
      7156.4     1.042963    -2.587624    -0.019113      21886.5
      7156.6     1.045487    -2.591245  -0.01737767     21887.25
      7156.8     1.047754     -2.59447  -0.01593506     21887.89
        7157     1.049868    -2.597469  -0.01432953     21888.23
      7157.2     1.051918    -2.600372  -0.01284862     21888.52
      7157.4     1.053629    -2.602709  -0.01162246     21889.62
      7157.6     1.055133    -2.604749  -0.01060623     21890.15
      7157.8     1.056646    -2.606767 -0.009845037     21891.48
        7158     1.058205    -2.608857 -0.009115907     21892.82
      7158.2      1.05952    -2.610585 -0.008441979     21893.75
      7158.4     1.060662    -2.612041 -0.007739598     21894.72
      7158.6     1.061819    -2.613521 -0.007291164      21895.7
      7158.8     1.063004    -2.615048 -0.007025018     21896.57
        7159     1.064082    -2.616418  -0.00672927     21897.27
      7159.2     1.065076    -2.617661   -0.0063432     21897.84
      7159.4     1.066069    -2.618904 -0.005969825     21898.43
      7159.6     1.067031    -2.620123 -0.005512402     21898.45
      7159.8      1.06791    -2.621194 -0.004833828     21898.87
        7160     1.068667    -2.622071 -0.003900088     21899.41
      7160.2       1.0693    -2.622771 -0.002882692     21899.57
      7160.4     1.069804    -2.623243 -0.001780587     21900.34
      7160.6     1.070176      -2.6235 -0.0005944954     21901.29
      7160.8     1.070371    -2.623496 0.0004960521     21901.93
        7161      1.07042    -2.623247  0.001544217     21902.95
      7161.2     1.070355    -2.622846  0.002546652     21903.39
      7161.4     1.070168    -2.622265  0.003595519     21903.64
      7161.6     1.069858    -2.621458  0.004451367     21904.64
      7161.8     1.069388     -2.62037  0.005144712      21906.3
        7162     1.068884    -2.619285  0.005724557     21906.76
      7162.2     1.068359    -2.618149  0.006267347     21907.64
      7162.4     1.067754    -2.616879  0.006536194      21908.7
      7162.6     1.066975    -2.615356  0.006814256     21909.34
      7162.8      1.06633    -2.614056  0.006999212     21909.69
        7163     1.065661    -2.612698  0.007101238     21910.53
      7163.2     1.064932    -2.611279  0.007184585      21910.6
      7163.4     1.064088    -2.609675  0.007109305     21910.82
      7163.6     1.063402    -2.608309  0.006937719     21911.23
      7163.8     1.062756     -2.60701   0.00644474     21911.51
        7164     1.062124    -2.605729  0.006118098     21911.89
      7164.2     1.061549     -2.60452  0.005727527     21912.66
      7164.4     1.061023    -2.603414  0.005208411     21912.81
      7164.6     1.060567    -2.602428  0.004600875     21912.76
      7164.8     1.060201    -2.601563  0.003965881     21913.12
        7165     1.059933    -2.600839  0.003506836      21913.7
      7165.2     1.059737    -2.600241   0.00301552     21914.01
      7165.4     1.059535    -2.599623  0.002575926     21914.57
      7165.6     1.059422     -2.59915  0.002216641     21914.97
      7165.8     1.059365    -2.598778  0.001854296     21915.07
        7166     1.059345    -2.598468  0.001661798     21915.07
      7166.2     1.059315    -2.598139  0.001460384     21915.15
      7166.4     1.059309    -2.597821  0.001439497     21915.81
      7166.6     1.059364     -2.59761  0.001484019     21916.24
      7166.8      1.05937    -2.597316  0.001566595     21916.76
        7167     1.059325    -2.596952  0.001821572     21917.11
      7167.2      1.05927    -2.596567  0.001972411     21917.55
      7167.4     1.059194    -2.596152  0.002158197     21917.96
      7167.6      1.05911    -2.595739  0.002472739     21918.06
      7167.8     1.058973    -2.595225  0.002832193     21918.51
        7168     1.058746    -2.594589  0.003312245      21918.6
      7168.2      1.05848    -2.593887  0.003881381      21918.8
      7168.4     1.058163    -2.593089  0.004377812     21919.37
      7168.6     1.057722     -2.59212  0.004835399     21919.45
      7168.8     1.057242    -2.591087  0.005330748     21919.58
        7169     1.056751    -2.590018   0.00558802     21920.15
      7169.2     1.056159    -2.588824  0.005717718     21919.99
      7169.4     1.055585     -2.58765  0.005977889     21920.02
      7169.6     1.055035    -2.586513  0.006379884     21920.06
      7169.8     1.054407    -2.585236  0.006574999      21920.5
        7170     1.053592     -2.58372   0.00675858     21919.79
      7170.2     1.052929     -2.58239  0.006835375      21920.2
      7170.4     1.052286    -2.581106  0.006907787     21920.27
      7170.6       1.0516    -2.579768  0.007005329     21920.08
      7170.8     1.050763    -2.578194  0.007014668     21919.88
        7171     1.050035    -2.576786  0.007030351      21919.8
      7171.2     1.049393    -2.575494  0.006933309     21920.06
      7171.4     1.048692    -2.574144  0.006907721     21919.65
      7171.6      1.04791    -2.572647  0.006897708     21919.64
      7171.8     1.047202    -2.571259  0.006817253     21919.78
        7172     1.046579    -2.569976  0.006510515     21920.52
      7172.2     1.045946     -2.56869  0.006265225     21920.99
      7172.4     1.045335    -2.567439  0.006070477     21921.43
      7172.6     1.044743    -2.566247  0.005819714     21921.24
      7172.8     1.044191     -2.56512  0.005462559     21920.99
        7173     1.043681    -2.564034  0.005095177     21921.29
      7173.2     1.043242    -2.563069  0.004875914     21921.37
      7173.4     1.042844    -2.562171  0.004632603     21921.33
      7173.6     1.042422    -2.561219  0.004400079      21921.7
      7173.8     1.042026    -2.560328  0.004221163     21921.62
        7174     1.041703    -2.559549  0.004118749     21921.54
      7174.2     1.041419    -2.558794  0.004169357     21922.29
      7174.4     1.041047    -2.557924  0.004111638     21922.56
      7174.6     1.040626    -2.556992  0.004183174     21922.53
      7174.8     1.040321    -2.556259  0.004185357     21922.07
        7175      1.03998    -2.555448  0.004274998     21922.14
      7175.2     1.039601    -2.554576  0.004510847      21922.2
      7175.4     1.039133    -2.553572  0.004663518      21922.1
      7175.6     1.038706    -2.552651  0.004945062     21921.63
      7175.8     1.038304    -2.551717  0.005215704     21922.27
        7176     1.037786     -2.55062  0.005580176     21922.55
      7176.2     1.037186      -2.5494  0.006011089     21922.71
      7176.4     1.036594    -2.548187  0.006358055     21922.98
      7176.6      1.03596    -2.546908  0.006619242     21923.26
      7176.8     1.035269    -2.545533  0.007001355      21923.7
        7177      1.03455    -2.544104  0.007506483     21924.35
      7177.2     1.033763    -2.542586  0.007898063     21924.67
      7177.4     1.032878    -2.540903  0.008305199     21925.25
      7177.6     1.031989    -2.539215  0.008726583     21925.77
      7177.8     1.031054     -2.53746  0.009341322      21926.2
        7178     1.030052    -2.535604   0.01000998     21926.56
      7178.2     1.028861     -2.53343   0.01040275     21927.46
      7178.4      1.02763    -2.531207   0.01081744     21928.03
      7178.6     1.026475    -2.529138   0.01116908     21927.86
      7178.8     1.025234     -2.52695   0.01144326      21927.3
        7179     1.023791    -2.524494   0.01156523     21925.79
      7179.2     1.022305    -2.522052   0.01149852     21922.49
      7179.4     1.020948    -2.519886     0.011224     21917.54
      7179.6     1.019541    -2.517752   0.01111405      21910.2
      7179.8     1.017923    -2.515515   0.01104488      21897.9
        7180     1.016112    -2.513161   0.01120363     21881.63
      7180.2     1.014457     -2.51105   0.01164296     21865.38
      7180.4     1.012681    -2.508789   0.01217724      21848.3
      7180.6     1.010728    -2.506201   0.01308244     21832.35
      7180.8      1.00872    -2.503419   0.01402955     21818.73
        7181     1.006751    -2.500584    0.0146122     21807.63
      7181.2     1.004724    -2.497565   0.01488087     21798.56
      7181.4     1.002743    -2.494511   0.01535132     21791.79
      7181.6     1.000848    -2.491514   0.01594245     21786.71
      7181.8    0.9988387    -2.488303   0.01599531     21782.43
        7182    0.9966667    -2.484811   0.01603356     21778.72
      7182.2    0.9947704    -2.481715     0.016221     21775.76
      7182.4    0.9929592    -2.478688   0.01663249     21774.18
      7182.6    0.9909443    -2.475326   0.01682581     21772.96
      7182.8    0.9886562    -2.471505   0.01685539     21772.48
        7183    0.9867678    -2.468254   0.01671918     21773.14
      7183.2    0.9850095    -2.465203   0.01637838     21773.86
      7183.4     0.983095    -2.461951   0.01633114     21773.67
      7183.6    0.9810029    -2.458402   0.01619916      21773.9
      7183.8    0.9791332    -2.455189   0.01590204     21774.37
        7184    0.9774106    -2.452244   0.01535207     21774.01
      7184.2    0.9756465    -2.449229   0.01506487     21773.75
      7184.4    0.9738258    -2.446121   0.01476994     21773.61
      7184.6    0.9720654    -2.443137   0.01430989      21772.8
      7184.8    0.9704809    -2.440428   0.01357543     21771.99
        7185    0.9689549    -2.437781   0.01284945      21771.8
      7185.2    0.9675384     -2.43526    0.0123589     21772.58
      7185.4    0.9662006    -2.432858   0.01176522     21773.45
      7185.6    0.9649571    -2.430541    0.0109816     21775.66
      7185.8    0.9638221    -2.428369   0.00999895     21778.38
        7186     0.962866    -2.426475  0.009099456     21781.13
      7186.2    0.9620923    -2.424859  0.008379413     21784.03
      7186.4    0.9613469    -2.423261  0.007452741     21787.46
      7186.6    0.9606211    -2.421666  0.006678115     21791.53
      7186.8    0.9601865    -2.420513  0.005915654     21795.83
        7187    0.9598782    -2.419516  0.005206818     21801.02
      7187.2    0.9596011    -2.418529  0.004723453     21807.07
      7187.4    0.9593575      -2.4175  0.004244385     21815.15
      7187.6    0.9592943    -2.416734  0.003752299     21823.63
      7187.8    0.9593487    -2.416121  0.003264425     21832.79
        7188    0.9594876    -2.415527  0.002840065     21844.39
      7188.2     0.959659    -2.414889  0.002362644     21858.07
      7188.4    0.9599158    -2.414462  0.001720214     21870.04
      7188.6    0.9602623    -2.414231  0.000849326     21880.81
      7188.8     0.960684    -2.414151 -4.058934e-05     21890.84
        7189     0.961134    -2.414209 -0.0008676716     21898.82
      7189.2    0.9616417    -2.414495 -0.001683493     21903.81
      7189.4    0.9622022    -2.414925 -0.002390045     21907.44
      7189.6    0.9628395    -2.415497 -0.002892477     21910.56
      7189.8    0.9634974    -2.416121 -0.003409484     21913.28
        7190    0.9641697    -2.416809 -0.003822006      21915.1
      7190.2    0.9649367    -2.417652 -0.004180449     21916.72
      7190.4    0.9657325    -2.418555 -0.004615829     21918.04
      7190.6    0.9665163    -2.419466 -0.005129578     21918.78
      7190.8    0.9673738    -2.420501 -0.005805571     21919.29
        7191    0.9683855    -2.421756 -0.006311794     21920.27
      7191.2    0.9695173      -2.4232 -0.006799165     21921.21
      7191.4     0.970574    -2.424515 -0.007420799     21922.39
      7191.6    0.9716862    -2.425941 -0.008135982     21923.06
      7191.8    0.9730178    -2.427693 -0.008882523     21924.07
        7192    0.9745202    -2.429708 -0.009473333     21925.13
      7192.2    0.9759297    -2.431621  -0.01008303     21925.28
      7192.4    0.9773447    -2.433519   -0.0107041     21925.93
      7192.6    0.9789839    -2.435759  -0.01131751     21926.76
      7192.8    0.9807949    -2.438272  -0.01204442     21927.47
        7193    0.9825483    -2.440675  -0.01255399     21928.61
      7193.2    0.9843593    -2.443155  -0.01272416     21930.04
      7193.4    0.9862519    -2.445802  -0.01310049     21930.59
      7193.6    0.9881428    -2.448451  -0.01351036     21931.05
      7193.8    0.9900752    -2.451155  -0.01357562      21931.7
        7194    0.9920703    -2.453963  -0.01347536     21932.24
      7194.2    0.9939943    -2.456663  -0.01345239     21932.72
      7194.4    0.9958429    -2.459231  -0.01362167     21933.49
      7194.6    0.9977664    -2.461917   -0.0137219     21934.24
      7194.8     0.999865     -2.46486  -0.01371279     21935.35
        7195     1.001854     -2.46764  -0.01367604     21936.27
      7195.2     1.003708    -2.470201  -0.01363836     21937.41
      7195.4     1.005616    -2.472858  -0.01383746     21938.27
      7195.6     1.007679    -2.475771  -0.01393503     21938.82
      7195.8     1.009767     -2.47871  -0.01399833     21939.66
        7196     1.011664    -2.481349  -0.01399658     21940.54
      7196.2     1.013603    -2.484057  -0.01427269     21941.34
      7196.4     1.015667    -2.486968  -0.01467185     21941.98
      7196.6     1.017899    -2.490128  -0.01498539      21942.9
      7196.8     1.019984    -2.493087  -0.01545371     21943.18
        7197     1.022082    -2.496045  -0.01556435     21943.93
      7197.2     1.024372    -2.499331  -0.01594596     21944.05
      7197.4      1.02664     -2.50258  -0.01634599     21944.26
      7197.6     1.028954    -2.505844  -0.01611828     21945.68
      7197.8     1.031258    -2.509122  -0.01570709     21946.48
        7198     1.033433    -2.512226  -0.01538699     21946.66
      7198.2     1.035487    -2.515145   -0.0151822     21946.76
      7198.4       1.0376    -2.518153  -0.01468207     21946.95
      7198.6     1.039801    -2.521268  -0.01414777     21947.79
      7198.8     1.041719    -2.523972  -0.01357833     21947.99
        7199     1.043495    -2.526464  -0.01303454     21947.98
      7199.2     1.045321    -2.529016  -0.01245015     21948.33
      7199.4     1.047215    -2.531695  -0.01171164     21948.22
      7199.6     1.048828    -2.533932  -0.01074954     21948.25
      7199.8     1.050225    -2.535833 -0.009628914     21948.24
        7200     1.051532    -2.537616 -0.008636736     21947.74
      7200.2     1.052847    -2.539398 -0.007626467     21947.52
      7200.4     1.053947    -2.540841 -0.006588478     21947.41
      7200.6     1.054812    -2.541934  -0.00523133     21946.94
      7200.8     1.055589    -2.542886 -0.003978965     21946.53
        7201     1.056209    -2.543583 -0.002831839     21946.38
      7201.2     1.056664    -2.544024 -0.001467272      21946.2
      7201.4     1.056951      -2.5442 -0.0001686065     21946.08
      7201.6     1.057057     -2.54406  0.001209946      21946.7
      7201.8     1.057023    -2.543718  0.002561248     21946.98
        7202     1.056782    -2.543056  0.003775694     21947.19
      7202.2     1.056386    -2.542151  0.004995453     21947.45
      7202.4     1.055866     -2.54104  0.005865953     21947.99
      7202.6      1.05521    -2.539722  0.006876009      21948.4
      7202.8     1.054534    -2.538363  0.008036859     21949.02
        7203      1.05361     -2.53665  0.008779173     21948.94
      7203.2     1.052489     -2.53461  0.009560872     21949.31
      7203.4     1.051472    -2.532699   0.01017218      21950.4
      7203.6     1.050379    -2.530715   0.01103547     21950.49
      7203.8     1.049146    -2.528512   0.01171811      21950.6
        7204     1.047571    -2.525782   0.01236943     21950.58
      7204.2      1.04618    -2.523324   0.01307321     21950.87
      7204.4     1.044761    -2.520819   0.01356177     21951.24
      7204.6     1.043178    -2.518054   0.01435412     21951.75
      7204.8     1.041365    -2.514932   0.01503078     21952.17
        7205     1.039566    -2.511841   0.01564761      21952.4
      7205.2     1.037804    -2.508795   0.01608605     21952.93
      7205.4     1.035913    -2.505535    0.0166768     21953.73
      7205.6      1.03388    -2.502064   0.01730034     21954.32
      7205.8     1.031783    -2.498499   0.01773539     21954.74
        7206       1.0297    -2.494954   0.01777434     21955.26
      7206.2     1.027577    -2.491347   0.01762644     21955.73
      7206.4     1.025509    -2.487844   0.01783168     21955.81
      7206.6     1.023499    -2.484398   0.01826645     21956.64
      7206.8     1.021311    -2.480689   0.01817151     21957.13
        7207     1.018957    -2.476734   0.01812067     21957.38
      7207.2     1.016949    -2.473307   0.01819272     21957.82
      7207.4     1.014964    -2.469902   0.01851611      21958.6
      7207.6     1.012725    -2.466135   0.01862172     21958.64
      7207.8     1.010224    -2.461921   0.01867708      21959.5
        7208     1.008171    -2.458409   0.01863031     21960.32
      7208.2     1.006148     -2.45496   0.01874079     21960.74
      7208.4     1.003933    -2.451231   0.01915457     21960.77
      7208.6     1.001357    -2.446928   0.01940397     21961.05
      7208.8    0.9990752    -2.443086   0.01971389     21961.26
        7209    0.9969112    -2.439437   0.01960447     21961.27
      7209.2    0.9945314    -2.435459   0.02007016     21961.11
      7209.4    0.9920158    -2.431245   0.02061965      21961.5
      7209.6    0.9894951     -2.42703   0.02076988     21961.74
      7209.8    0.9870445    -2.422941   0.02066821     21961.59
        7210    0.9846038    -2.418844   0.02052497     21961.99
      7210.2    0.9821407     -2.41471   0.02053185     21962.39
      7210.4    0.9796974     -2.41061   0.02045358     21962.76
      7210.6    0.9772759    -2.406516   0.01990032     21963.73
      7210.8    0.9748802    -2.402481   0.01921788     21964.29
        7211    0.9727014     -2.39879   0.01872413      21964.7
      7211.2    0.9706082    -2.395235    0.0185752     21965.07
      7211.4    0.9684313    -2.391536   0.01792551     21965.73
      7211.6    0.9661186    -2.387621   0.01719378     21966.51
      7211.8    0.9642611     -2.38445     0.016425     21966.52
        7212    0.9625465     -2.38148   0.01566342     21966.98
      7212.2    0.9607522    -2.378396   0.01492497     21967.24
      7212.4    0.9588141     -2.37509   0.01409713     21967.46
      7212.6    0.9573649     -2.37251   0.01311503     21968.46
      7212.8    0.9560686    -2.370203   0.01179837      21968.7
        7213    0.9547783    -2.367904    0.0108086     21968.95
      7213.2    0.9535255    -2.365651  0.009802649      21969.5
      7213.4    0.9525556    -2.363863  0.008582539     21969.52
      7213.6    0.9517624    -2.362361  0.007041855      21969.3
      7213.8    0.9510792    -2.361038  0.005656646      21968.9
        7214    0.9506073    -2.360018  0.004162935      21969.1
      7214.2    0.9503631    -2.359337  0.002535275     21969.62
      7214.4    0.9503377     -2.35903 0.0008984854     21969.44
      7214.6    0.9505084     -2.35901 -0.0007973492     21969.66
      7214.8    0.9508757    -2.359299 -0.002512269     21969.84
        7215    0.9515004    -2.359975 -0.004298771      21970.3
      7215.2    0.9523754     -2.36104 -0.005919041      21970.8
      7215.4    0.9534584    -2.362449  -0.00741881     21970.87
      7215.6    0.9546621    -2.364034 -0.009113384     21971.19
      7215.8    0.9560565     -2.36591  -0.01120213     21971.65
        7216     0.957795    -2.368331  -0.01277366     21971.94
      7216.2    0.9599618    -2.371411  -0.01441662      21972.4
      7216.4    0.9619615    -2.374253  -0.01619165     21972.36
      7216.6    0.9641851    -2.377444  -0.01810453     21972.34
      7216.8    0.9668322    -2.381284  -0.01995698     21972.54
        7217    0.9699865    -2.385894  -0.02173269     21973.18
      7217.2    0.9729607    -2.390219  -0.02348298     21973.95
      7217.4    0.9761051     -2.39483  -0.02530201     21974.24
      7217.6    0.9796566     -2.40007  -0.02747119     21974.65
      7217.8    0.9837472    -2.406136  -0.02964024     21975.38
        7218    0.9878149    -2.412196  -0.03153752     21975.46
      7218.2    0.9920639    -2.418542  -0.03276116     21975.45
      7218.4    0.9965831      -2.4253  -0.03433379     21975.64
      7218.6     1.001271    -2.432345  -0.03594806     21975.31
      7218.8     1.006131    -2.439663  -0.03705776      21974.9
        7219     1.011196      -2.4473  -0.03742433     21974.46
      7219.2     1.016273    -2.454947  -0.03762742     21974.24
      7219.4     1.021137    -2.462284  -0.03834129     21973.51
      7219.6     1.026111    -2.469765  -0.03945274     21973.41
      7219.8     1.031552    -2.477974   -0.0397178     21973.32
        7220     1.037199    -2.486509  -0.03983454     21973.07
      7220.2     1.042237    -2.494059  -0.03989636     21973.63
      7220.4     1.047282    -2.501632   -0.0406071     21973.93
      7220.6     1.052775    -2.509891  -0.04080641      21974.5
      7220.8     1.058792    -2.518995  -0.04085355     21974.45
        7221     1.063938    -2.526704  -0.04073914     21975.21
      7221.2     1.068985    -2.534315    -0.040645     21974.72
      7221.4     1.074391    -2.542482  -0.04101472     21974.36
      7221.6     1.080357    -2.551511  -0.04127382     21974.21
      7221.8     1.085653    -2.559516  -0.04137206     21973.61
        7222     1.090828    -2.567334  -0.04046821     21972.96
      7222.2     1.096274     -2.57558  -0.04041177     21972.22
      7222.4     1.101746    -2.583885  -0.04029657     21971.04
      7222.6        1.107    -2.591845  -0.03926564     21970.03
      7222.8     1.112081    -2.599571  -0.03758572     21968.17
        7223     1.116956    -2.606992  -0.03618241     21966.03
      7223.2     1.121516    -2.613954  -0.03528905     21963.17
      7223.4     1.125962    -2.620791  -0.03415062     21959.13
      7223.6     1.130508    -2.627803  -0.03275779      21954.7
      7223.8     1.134691    -2.634313  -0.03145491     21948.87
        7224     1.138404     -2.64016  -0.03053442      21941.5
      7224.2     1.142034    -2.645955    -0.030465     21932.46
      7224.4     1.145824     -2.65223    -0.029879     21918.39
      7224.6     1.149564    -2.658685  -0.02930761     21898.72
      7224.8     1.152575    -2.664063  -0.02851506     21877.75
        7225     1.155468    -2.669401  -0.02751094     21853.66
      7225.2     1.158427    -2.675042  -0.02619432     21825.26
      7225.4     1.161305    -2.680693  -0.02409991     21793.92
      7225.6      1.16358    -2.685019  -0.02116711     21771.04
      7225.8     1.165667    -2.688681  -0.01764294     21756.16
        7226     1.167714    -2.691976  -0.01503393     21747.91
      7226.2     1.169634    -2.694808  -0.01243037     21745.43
      7226.4     1.171313    -2.697046 -0.009859957     21747.66
      7226.6     1.172654    -2.698625 -0.007151443     21752.76
      7226.8     1.173883    -2.699864 -0.004596011     21761.48
        7227     1.174798    -2.700529 -0.002317186     21772.01
      7227.2     1.175488    -2.700723 9.373359e-06     21785.16
      7227.4     1.175918    -2.700479  0.002036767     21799.04
      7227.6     1.176099    -2.699856  0.003890942      21812.7
      7227.8     1.176042    -2.698899  0.005799554     21825.59
        7228     1.175796     -2.69761  0.007748607     21839.33
      7228.2     1.175281    -2.695839  0.009458534      21854.4
      7228.4     1.174503    -2.693657   0.01116797     21869.56
      7228.6     1.173602    -2.691333   0.01311773     21883.62
      7228.8     1.172506    -2.688675    0.0153553     21898.31
        7229     1.171053    -2.685345   0.01707938     21915.58
      7229.2     1.169276    -2.681373   0.01868764     21935.85
      7229.4     1.167621    -2.677669   0.02006295     21954.44
      7229.6      1.16582    -2.673725   0.02143672      21973.3
      7229.8     1.163693    -2.669295   0.02257258     21991.74
        7230     1.161111    -2.664224   0.02352384     22008.65
      7230.2     1.158621    -2.659611   0.02439359      22018.7
      7230.4     1.155986    -2.654906    0.0247219     22025.79
      7230.6     1.152984     -2.64978   0.02571655     22029.58
      7230.8     1.149783    -2.644446   0.02692455     22031.11
        7231     1.146514    -2.639038   0.02757757     22031.97
      7231.2     1.143085    -2.633367   0.02791549     22033.12
      7231.4      1.13965    -2.627718   0.02839954     22033.59
      7231.6     1.136224    -2.622114   0.02904013     22033.37
      7231.8     1.132693    -2.616318   0.02952491     22033.75
        7232     1.128898    -2.610134   0.02955686     22033.63
      7232.2     1.125193    -2.604098   0.02955228     22033.35
      7232.4      1.12175    -2.598468   0.02984668     22033.14
      7232.6     1.118205    -2.592676   0.03085192     22032.95
      7232.8     1.114251    -2.586257   0.03103496     22032.56
        7233     1.110026    -2.579416   0.03111881     22032.15
      7233.2     1.106481     -2.57364   0.03114367     22031.66
      7233.4     1.102889    -2.567781   0.03153624     22031.35
      7233.6     1.098928    -2.561342   0.03198765     22031.15
      7233.8     1.094507    -2.554187   0.03233462     22030.96
        7234     1.090732     -2.54805   0.03262684     22030.47
      7234.2     1.086963    -2.541914   0.03251737     22030.21
      7234.4      1.08286    -2.535241   0.03336166     22030.33
      7234.6     1.078508    -2.528173   0.03410495     22030.54
      7234.8     1.074302    -2.521361   0.03425914     22030.16
        7235     1.070165     -2.51463    0.0339089     22030.38
      7235.2     1.065994    -2.507833   0.03382307     22030.83
      7235.4     1.061815    -2.501046   0.03399619     22030.84
      7235.6     1.057662    -2.494303   0.03378965     22030.76
      7235.8     1.053424    -2.487433   0.03310806     22030.55
        7236     1.049346    -2.480802    0.0323993     22030.58
      7236.2      1.04551     -2.47456   0.03206633     22030.32
      7236.4     1.041719    -2.468383   0.03221066      22030.2
      7236.6     1.037643     -2.46178   0.03186272     22029.71
      7236.8     1.033464    -2.455033   0.03135242     22028.79
        7237     1.029807     -2.44907   0.03088885     22028.57
      7237.2      1.02627    -2.443301   0.03108655     22028.17
      7237.4     1.022444    -2.437069   0.03067772     22028.07
      7237.6     1.018177    -2.430164   0.03028924     22027.63
      7237.8     1.014727    -2.424528   0.02990462     22027.32
        7238       1.0114     -2.41907   0.02939483     22027.26
      7238.2     1.007774    -2.413145   0.02954094     22027.28
      7238.4     1.003784    -2.406648   0.02961679     22027.35
      7238.6      1.00025    -2.400895   0.02946163     22026.71
      7238.8     0.996888    -2.395376   0.02859325     22026.82
        7239    0.9933318    -2.389576   0.02831664     22026.48
      7239.2    0.9897801    -2.383773   0.02815943     22026.31
      7239.4    0.9864065    -2.378241   0.02729484     22026.31
      7239.6    0.9831098    -2.372849   0.02597367     22025.88
      7239.8    0.9799843     -2.36774   0.02479206     22025.08
        7240    0.9770939    -2.362995   0.02389632     22024.34
      7240.2    0.9743029    -2.358408   0.02306638     22023.52
      7240.4    0.9714592    -2.353732    0.0219416     22022.86
      7240.6    0.9687746    -2.349287   0.02093143     22022.57
      7240.8    0.9664655    -2.345441   0.01995738     22021.97
        7241    0.9642048    -2.341663   0.01941231     22021.55
      7241.2    0.9618763    -2.337766    0.0186459     22021.41
      7241.4    0.9594817    -2.333757   0.01766994     22021.47
      7241.6    0.9575793    -2.330525   0.01675358     22021.32
      7241.8    0.9558224    -2.327527   0.01587611        22021
        7242    0.9539749    -2.324363   0.01516834     22021.22
      7242.2    0.9520218    -2.321056   0.01458235     22020.98
      7242.4    0.9504861     -2.31839   0.01371254     22020.94
      7242.6    0.9490489    -2.315861   0.01267247     22021.27
      7242.8     0.947651    -2.313393   0.01209341      22021.6
        7243    0.9462296    -2.310918    0.0114705     22021.28
      7243.2    0.9449868    -2.308715   0.01070103      22021.1
      7243.4    0.9438605    -2.306684  0.009712364     22021.12
      7243.6     0.942847    -2.304832  0.008897498     22021.09
      7243.8     0.941951    -2.303148  0.008103091     22021.38
        7244     0.941146    -2.301597  0.007304101     22021.86
      7244.2    0.9404397    -2.300202  0.006421583      22022.3
      7244.4    0.9398487    -2.298989   0.00552438     22022.69
      7244.6    0.9393924    -2.298011  0.004712131     22022.54
      7244.8    0.9390434    -2.297178  0.004033552     22022.86
        7245    0.9387584    -2.296432  0.003315312     22023.45
      7245.2    0.9385182    -2.295762   0.00262707     22023.93
      7245.4    0.9384571    -2.295358  0.001974599     22024.68
      7245.6     0.938463    -2.295076  0.001214906     22025.06
      7245.8    0.9385114    -2.294853 0.0006526173      22025.6
        7246    0.9386688     -2.29479 4.057685e-05     22026.34
      7246.2    0.9388685    -2.294836 -0.0006466241     22026.13
      7246.4    0.9391966    -2.295043 -0.001384538     22026.79
      7246.6    0.9396115     -2.29537 -0.002080008      22027.8
      7246.8    0.9401383    -2.295898 -0.002689016     22028.22
        7247    0.9407023      -2.2965 -0.003363158     22028.26
      7247.2    0.9413382    -2.297195 -0.003980391     22028.75
      7247.4    0.9420886     -2.29806   -0.0046571      22029.4
      7247.6    0.9429257    -2.299082 -0.005308608      22029.6
      7247.8    0.9438294    -2.300226 -0.005882351     22029.38
        7248    0.9447957    -2.301442 -0.006268363     22029.74
      7248.2     0.945845    -2.302766 -0.006580086     22030.53
      7248.4    0.9468688    -2.304097  -0.00704494     22030.34
      7248.6    0.9479372     -2.30549 -0.007535921     22030.28
      7248.8    0.9491264    -2.307078 -0.007811919      22030.1
        7249    0.9504014    -2.308795 -0.008033157        22030
      7249.2    0.9515712    -2.310346  -0.00819071     22029.95
      7249.4    0.9527529    -2.311917 -0.008617408     22029.88
      7249.6    0.9540251     -2.31363 -0.008812488     22029.78
      7249.8    0.9555186    -2.315689 -0.009023562     22029.66
        7250    0.9567966    -2.317396 -0.009223191     22029.89
      7250.2     0.958098    -2.319135 -0.009318569     22030.21
      7250.4    0.9594724    -2.321009 -0.009582436      22030.1
      7250.6    0.9610332    -2.323144 -0.009736224      22030.6
      7250.8    0.9624531    -2.325062 -0.009790016     22031.05
        7251    0.9638249    -2.326924 -0.009703323     22031.09
      7251.2    0.9652279    -2.328841 -0.009917392     22031.01
      7251.4    0.9667498    -2.330906  -0.01007254     22031.71
      7251.6     0.968289    -2.332996  -0.01008788     22032.48
      7251.8     0.969752    -2.334982 -0.009902705     22032.91
        7252    0.9711741    -2.336911 -0.009626104     22033.21
      7252.2    0.9725939    -2.338829 -0.009431878     22033.68
      7252.4    0.9739846    -2.340697 -0.009307862     22034.23
      7252.6    0.9753565    -2.342528 -0.008996287     22034.95
      7252.8    0.9767149    -2.344357 -0.008553224     22035.25
        7253    0.9779668    -2.346026 -0.008200272     22035.45
      7253.2    0.9791314     -2.34754 -0.007892887     22036.04
      7253.4     0.980313    -2.349088 -0.007438605     22036.46
      7253.6    0.9815175    -2.350672 -0.007021174     22036.89
      7253.8    0.9825512    -2.351977 -0.006495352      22037.6
        7254    0.9834814    -2.353156 -0.005983275     22037.51
      7254.2    0.9843706    -2.354284  -0.00554291     22037.15
      7254.4    0.9853081    -2.355458 -0.005139683     22037.45
      7254.6    0.9861088    -2.356411 -0.004657032     22037.92
      7254.8    0.9868418    -2.357268  -0.00407943     22038.17
        7255    0.9875012     -2.35801 -0.003654532     22038.43
      7255.2    0.9881483    -2.358722 -0.003124303     22038.94
      7255.4    0.9887172    -2.359335 -0.002629476     22038.94
      7255.6    0.9891732    -2.359768   -0.0020419     22039.02
      7255.8    0.9895799    -2.360114 -0.001455507     22039.33
        7256    0.9899178    -2.360355 -0.0008924128     22039.58
      7256.2    0.9901905    -2.360499 -0.0003408556     22039.74
      7256.4    0.9903509    -2.360482 0.0001952603      22039.6
      7256.6    0.9904573    -2.360386 0.0008134888     22039.33
      7256.8    0.9904982    -2.360199   0.00135094     22038.83
        7257    0.9904643    -2.359848  0.001931984     22039.36
      7257.2    0.9903568    -2.359401  0.002416552      22039.5
      7257.4    0.9901885    -2.358841   0.00274645     22040.03
      7257.6    0.9899911    -2.358266  0.003098338     22039.89
      7257.8    0.9897559    -2.357651  0.003555198     22039.33
        7258     0.989455    -2.356922  0.003968162     22039.03
      7258.2    0.9890352    -2.355997  0.004354427     22038.98
      7258.4    0.9886209    -2.355091   0.00466067     22038.68
      7258.6    0.9881994    -2.354167  0.004972396     22038.53
      7258.8    0.9877394    -2.353194  0.005364068     22038.17
        7259    0.9871441    -2.352019   0.00558983     22037.59
      7259.2     0.986517      -2.3508  0.005811132     22036.88
      7259.4    0.9859499    -2.349696  0.005938241     22035.72
      7259.6    0.9853804    -2.348545  0.006143366      22035.5
      7259.8    0.9847165    -2.347268  0.006404281     22034.81
        7260    0.9839723    -2.345885  0.006668728      22033.7
      7260.2    0.9832919    -2.344572  0.006711531     22033.25
      7260.4    0.9825782     -2.34321  0.006566777     22032.73
      7260.6    0.9818967    -2.341899  0.006420907     22032.19
      7260.8     0.981246    -2.340632  0.006268934     22031.74
        7261     0.980621    -2.339435  0.005969814     22030.62
      7261.2    0.9799879    -2.338195  0.005614772      22030.2
      7261.4    0.9794482    -2.337123  0.005280655     22029.25
      7261.6    0.9789548     -2.33614  0.004927108     22027.95
      7261.8    0.9785004    -2.335211   0.00459107      22026.8
        7262    0.9780352    -2.334253  0.004223188     22025.92
      7262.2    0.9776599     -2.33345  0.003829231      22024.7
      7262.4    0.9773582    -2.332762  0.003346671     22023.49
      7262.6    0.9770944    -2.332148  0.002944435     22021.95
      7262.8    0.9768665    -2.331576  0.002452934      22020.7
        7263    0.9766852    -2.331095  0.001985554     22019.06
      7263.2    0.9766323    -2.330799   0.00145641     22017.73
      7263.4    0.9766061    -2.330559  0.000913925     22016.11
      7263.6    0.9766468     -2.33041 0.0004311288     22014.77
      7263.8    0.9767483    -2.330363 -8.081559e-05     22013.27
        7264    0.9769307    -2.330454 -0.0006415815     22011.52
      7264.2    0.9771734    -2.330624  -0.00116236      22010.1
      7264.4    0.9774923    -2.330924 -0.001669463     22008.43
      7264.6    0.9778404    -2.331293 -0.002242128     22006.23
      7264.8    0.9782806     -2.33179 -0.002770094     22004.39
        7265    0.9787965    -2.332417 -0.003219489     22002.27
      7265.2    0.9793715     -2.33314 -0.003656439     22000.09
      7265.4    0.9799328    -2.333869 -0.004127854     21997.29
      7265.6    0.9805495    -2.334715 -0.004542229     21993.82
      7265.8    0.9812567     -2.33572 -0.004893057     21989.97
        7266    0.9820025    -2.336774 -0.005253135     21986.36
      7266.2    0.9827064    -2.337783 -0.005633646     21982.28
      7266.4    0.9834757    -2.338918 -0.006135063     21977.71
      7266.6    0.9843071    -2.340227 -0.006486777     21971.44
      7266.8    0.9852016    -2.341682 -0.006813873     21964.12
        7267    0.9860144    -2.342973 -0.007048777     21957.61
      7267.2    0.9868845    -2.344369 -0.007401781     21950.76
      7267.4    0.9877457    -2.345866 -0.007732517      21941.4
      7267.6    0.9887095    -2.347603 -0.008020379     21930.28
      7267.8    0.9895469    -2.349159 -0.008560866     21918.84
        7268    0.9903832    -2.350785  -0.00923874     21905.82
      7268.2    0.9912736    -2.352714  -0.01049788     21888.04
      7268.4    0.9922301    -2.354994  -0.01227278     21864.89
      7268.6    0.9931938    -2.357557  -0.01464046     21835.83
      7268.8    0.9941963    -2.360603  -0.01789278     21797.64
        7269    0.9952768    -2.364427  -0.02265587      21745.3
      7269.2    0.9964775    -2.369308  -0.02961101     21674.28
      7269.4    0.9978016    -2.375682  -0.03895813     21575.55
      7269.6    0.9992589    -2.384292  -0.04977141     21433.92
      7269.8     1.000877    -2.395593  -0.06210186     21241.51
        7270      1.00248    -2.409125  -0.07613054     21003.64
      7270.2     1.004062    -2.425363  -0.08987545     20711.94
      7270.4     1.005397    -2.445196  -0.09406162     20343.71
      7270.6     1.006052    -2.467494  -0.08804352      19911.3
      7270.8     1.005685    -2.484375  -0.06786533     19562.56
        7271     1.004421    -2.495798  -0.03179465     19297.79
      7271.2     1.002353    -2.499489  0.007545458     19159.99
      7271.4    0.9998155    -2.492929   0.04620483     19204.73
      7271.6     0.998241    -2.478338   0.07904006      19433.4
      7271.8     0.997725    -2.458834     0.100078     19793.78
        7272    0.9982985    -2.436257    0.1048772     20256.97
      7272.2    0.9998333    -2.412867   0.09632384     20778.07
      7272.4     1.001848    -2.394437   0.07829045     21223.27
      7272.6      1.00386    -2.381775   0.05467183     21553.87
      7272.8     1.005654    -2.373624   0.03414685      21784.2
        7273     1.007102    -2.369129   0.01908264     21925.23
      7273.2     1.008172    -2.367119  0.008938336     21999.72
      7273.4     1.009115    -2.366509  0.002933286     22039.35
      7273.6     1.009962    -2.366474 -0.0002020613     22063.17
      7273.8     1.010779    -2.366783 -0.001804129     22078.35
        7274     1.011592    -2.367281 -0.002969406     22089.28
      7274.2     1.012449    -2.367952 -0.003667228     22097.91
      7274.4     1.013387    -2.368849 -0.004219937     22104.33
      7274.6     1.014232    -2.369717 -0.004747243     22108.22
      7274.8     1.015115    -2.370657 -0.005358416     22111.83
        7275     1.016075     -2.37175 -0.005931029     22114.69
      7275.2     1.017198    -2.373136 -0.006384533     22116.72
      7275.4     1.018264    -2.374461  -0.00676251      22118.1
      7275.6       1.0193    -2.375764 -0.007089882     22118.95
      7275.8     1.020387     -2.37716 -0.007533271      22119.5
        7276     1.021645    -2.378808 -0.007921133     22120.39
      7276.2     1.022898    -2.380488 -0.008264623     22120.38
      7276.4     1.024109    -2.382101 -0.008531404     22120.44
      7276.6     1.025359    -2.383772 -0.008969952     22120.53
      7276.8     1.026722    -2.385633 -0.009327214     22120.32
        7277     1.028194    -2.387664 -0.009782379     22120.09
      7277.2     1.029576    -2.389563 -0.009963384     22119.72
      7277.4     1.031066    -2.391598 -0.009973006     22120.04
      7277.6     1.032506    -2.393604  -0.01014226     22119.29
      7277.8      1.03397    -2.395642  -0.01017561     22118.64
        7278     1.035445    -2.397677  -0.01011835     22118.45
      7278.2     1.036936    -2.399738 -0.009855655     22118.22
      7278.4     1.038361    -2.401698 -0.009638481     22117.95
      7278.6     1.039717    -2.403527 -0.009510864     22118.21
      7278.8     1.041104    -2.405388 -0.008939653     22118.82
        7279     1.042538    -2.407347 -0.007187599     22118.91
      7279.2     1.043846    -2.409087 -0.005831104     22119.49
      7279.4     1.044937      -2.4105 -0.005724979     22119.78
      7279.6     1.046027    -2.411913 -0.005618853     22120.08
      7279.8     1.047117    -2.413326 -0.005512728     22120.38
        7280     1.048207    -2.414739 -0.005406602     22120.67
        7282     1.057327    -2.426184 -0.004729785     22121.62
        7284     1.063545    -2.433203 -0.004516935     22120.52
        7286     1.070011    -2.440552 -0.004627534     22120.64
        7288     1.078438    -2.450875 -0.005216209     22122.58
        7290     1.088179    -2.463205 -0.005111292     22125.46
        7292     1.097472    -2.474932  -0.00331714     22126.26
        7294     1.103419    -2.481442 0.0005032847     22127.16
        7296     1.102656    -2.477412  0.005683793     22129.91
        7298      1.09279    -2.459178   0.01081987     22133.06
        7300     1.075556    -2.429462   0.01458472     22136.24
        7302     1.055208    -2.394883   0.01610354     22139.66
        7304     1.035087    -2.360734   0.01558752     22141.41
        7306     1.017311     -2.33035   0.01381586     22140.75
        7308     1.002572    -2.304762   0.01140386     22138.74
        7310    0.9910451    -2.284356  0.008269257     22132.85
        7312    0.9827728    -2.269503  0.005349693     22116.38
        7314     0.977732    -2.264196  0.003944656     22001.14
        7316    0.9756722    -2.261964  0.002794046      21920.3
        7318    0.9760687    -2.252799  0.002278749      22075.6
        7320    0.9775769    -2.247151  0.002270328     22192.17
        7322    0.9785902    -2.245966  0.001458215     22193.52
        7324    0.9788529    -2.243802   0.00105008     22190.69
        7326    0.9789085    -2.241133  0.001159901     22191.89
        7328    0.9791122     -2.23875  0.001107071      22191.9
        7330    0.9795209    -2.236687  0.001024982     22191.93
        7332    0.9801685    -2.234945  0.001168335     22193.12
        7334    0.9806671    -2.232933  0.001682135     22195.15
        7336     0.980166    -2.229404  0.002482747     22196.33
        7338    0.9779712     -2.22323  0.003216737     22197.63
        7340    0.9745556    -2.215083  0.003434051     22200.52
        7342    0.9714041    -2.207199  0.002771511     22206.71
        7344    0.9698639    -2.201931  0.001237765     22210.62
        7346     0.971088    -2.201058 -0.0009494574     22212.62
        7348    0.9755888    -2.205181 -0.003348504     22217.09
        7350    0.9836172    -2.214795 -0.005405022     22221.72
        7352    0.9943417    -2.228719 -0.006854782     22223.97
        7354     1.006121    -2.244298 -0.007820409     22226.03
        7356      1.01792    -2.260019 -0.008256561     22225.59
        7358     1.028949    -2.277358 -0.007858936     22162.97
        7360     1.038995    -2.294772 -0.007107338     22065.01
        7362     1.048092    -2.307169 -0.005737658     22045.17
        7364     1.056608    -2.316878 -0.004063254     22064.56
        7366     1.064318     -2.32326 -0.002964019     22129.68
        7368     1.070801    -2.327278 -0.001764345     22204.86
        7370     1.075363    -2.330882 -0.000430459     22223.18
        7372     1.077332    -2.330993  0.001236412     22229.41
        7374     1.076424    -2.326703  0.003528583      22233.8
        7376     1.072224    -2.317386  0.006056304     22235.96
        7378     1.064504    -2.302653  0.008715916      22236.6
        7380     1.053357    -2.282542   0.01123848     22238.09
        7382     1.038737    -2.256976   0.01321141     22240.52
        7384     1.021607    -2.227479   0.01416454     22243.44
        7386     1.003762    -2.196962   0.01365533      22244.3
        7388     0.987667    -2.169226   0.01170965     22243.95
        7390    0.9756542    -2.147733  0.008693411     22246.27
        7392    0.9684938    -2.133801  0.005358992     22248.64
        7394    0.9661388    -2.127414  0.002355946     22249.79
        7396     0.967256    -2.126354 0.0001260247     22252.83
        7398    0.9705881    -2.128886   -0.0010773     22252.79
        7400    0.9747583    -2.132793 -0.001367614     22251.22
        7402    0.9785889    -2.136033 -0.0009523013     22252.75
        7404    0.9813008    -2.137295 -0.0002280077      22259.5
        7406    0.9826871    -2.136504 0.0004170349     22265.99
        7408    0.9832834    -2.134617 0.0007426721      22269.5
        7410    0.9838097    -2.132696 0.0007416414     22271.37
        7412    0.9846852    -2.131353 0.0005592887     22272.52
        7414    0.9859373    -2.130571 0.0003897869     22274.28
        7416    0.9873727    -2.130143 0.0003435423     22274.53
        7418    0.9887389    -2.129578 0.0004472724     22275.45
        7420    0.9898849    -2.128605 0.0007065656     22277.84
        7422    0.9905912    -2.126993   0.00111479     22279.22
        7424    0.9906543     -2.12449  0.001672811     22278.14
        7426    0.9898419     -2.12066  0.002279688     22276.28
        7428    0.9880307    -2.115223  0.002727729     22275.56
        7430     0.985586    -2.108755  0.002783979     22275.81
        7432    0.9834559    -2.102669  0.002388003     22278.51
        7434    0.9825304    -2.098388  0.001660082     22282.83
        7436    0.9828771    -2.096119 0.0008467776     22286.53
        7438    0.9842211    -2.095475 0.0001119087     22288.67
        7440    0.9861619    -2.095894 -0.0005960442     22287.87
        7442    0.9888311    -2.097493 -0.001422393     22286.12
        7444    0.9926343    -2.100887  -0.00363363     22283.76
        7446    0.9976424    -2.106854 -0.004680866     22266.01
        7448     1.003716    -2.124963 -0.002940677     22018.66
        7450     1.009554     -2.13494 -0.002599628     21941.76
        7452     1.014721    -2.124412 -0.0007002372     22291.58
        7454      1.01975    -2.127651 0.0004412922     22335.22
        7456     1.023169    -2.130565 -0.0007864754     22330.35
        7458      1.02533    -2.131409 -0.000172807     22327.94
        7460      1.02656    -2.130704 0.0004931221     22327.78
        7462     1.027198    -2.129033 0.0009977646     22328.58
        7464     1.027376     -2.12662  0.001449383     22329.96
        7466     1.027064    -2.123427  0.001928242     22331.73
        7468     1.026049    -2.119109  0.002422259     22334.16
        7470     1.024097    -2.113607  0.001855694      22330.5
        7472     1.021194    -2.107242  0.001971786     22313.08
        7474     1.017971    -2.108582  0.004099241     22115.13
        7476     1.013446    -2.103335   0.00473736     22017.46
        7478     1.008413    -2.080813  0.005799439     22283.05
        7480     1.005166    -2.069343  0.005959793     22367.28
        7482     1.002078    -2.062186   0.00392598     22361.16
        7484    0.9995412    -2.055656  0.003304131     22360.23
        7486    0.9972409    -2.049406  0.003311263     22361.33
        7488    0.9947555     -2.04291  0.003466523     22361.46
        7490    0.9918174    -2.035696  0.003646363     22361.93
        7492    0.9886137    -2.027924  0.003692257     22365.62
        7494    0.9854158    -2.020235  0.003519683      22367.7
        7496    0.9826864    -2.013372  0.003095573     22367.64
        7498    0.9806467    -2.007539  0.002470871     22368.63
        7500    0.9795639     -2.00316  0.001764245     22370.46
        7502    0.9795785    -2.000468  0.001056103     22372.83
        7504    0.9805491    -1.999258 0.0004634867     22375.38
        7506    0.9822056     -1.99909 8.125105e-05     22378.59
        7508    0.9841952    -1.999452 -6.322978e-05     22381.56
        7510    0.9861147    -1.999818 3.833644e-06     22382.04
        7512    0.9877476    -1.999764 0.0002338861     22381.93
        7514    0.9889486    -1.999059 0.0005612631     22381.36
        7516    0.9896681    -1.997581 0.0009001859     22381.33
        7518    0.9899172    -1.995328  0.001171107     22382.25
        7520    0.9898729    -1.992563  0.001313601     22384.41
        7522    0.9897754     -1.98969  0.001335458     22387.15
        7524    0.9898014    -1.987072  0.001237308     22388.53
        7526    0.9899992    -1.984644  0.001076296     22391.66
        7528    0.9904891    -1.982664 0.0008987311     22394.98
        7530    0.9912454     -1.98108  0.000689466     22398.75
        7532    0.9922819    -1.979882 0.0005205381     22403.68
        7534    0.9935296    -1.979128  0.000446122     22406.06
        7536    0.9947852      -1.9785 0.0004775307     22405.93
        7538    0.9958495    -1.977511 0.0006299186     22407.23
        7540    0.9966098    -1.976062 0.0008626056     22408.25
        7542    0.9969817    -1.974089  0.001088366     22407.47
        7544     0.997041    -1.971599  0.001257881     22407.37
        7546    0.9969841    -1.968804  0.001343352     22410.08
        7548    0.9969165    -1.965999  0.001351723     22412.66
        7550    0.9968886    -1.963342  0.001268773     22413.33
        7552    0.9970034    -1.960785  0.001089402     22416.76
        7554    0.9974099    -1.958654 0.0008286467     22420.87
        7556     0.998221    -1.957283 0.0004788654     22422.08
        7558    0.9995105    -1.956713 0.0001160861     22422.11
        7560     1.001352    -1.956954 -0.000168798     22423.22
        7562     1.003569    -1.957725 -0.0003213366     22425.63
        7564     1.005872    -1.958634 -0.0002971229     22427.97
        7566     1.007989    -1.959284 -0.000100879     22429.63
        7568     1.009695    -1.959331 0.0002388101     22430.45
        7570     1.010869    -1.958532 0.0006778876     22431.72
        7572     1.011421    -1.956723  0.001169781      22433.9
        7574     1.011272     -1.95386  0.001663119     22435.24
        7576     1.010501    -1.949973  0.002121247     22437.85
        7578     1.009241    -1.945227  0.002508457     22442.64
        7580     1.007498    -1.939753  0.002794509     22446.85
        7582     1.005395    -1.933793  0.002944511     22449.48
        7584      1.00308    -1.927617  0.002953069     22449.54
        7586      1.00086    -1.921671  0.002843806      22447.8
        7588    0.9989225    -1.916129  0.002606289     22446.89
        7590    0.9973242    -1.911042  0.002323257     22447.65
        7592    0.9962398    -1.906767  0.002012064     22448.19
        7594    0.9955592    -1.903085  0.001691661     22449.56
        7596    0.9952649    -1.900032  0.001409765     22450.34
        7598    0.9953349    -1.897509  0.001169809        22452
        7600    0.9957138    -1.895489 0.0009674943     22453.21
        7602    0.9962713    -1.893727 0.0003149086     22454.89
        7604    0.9969387    -1.892292 0.0001280875     22453.08
        7606    0.9973611     -1.89499 0.0009156056     22350.83
        7608       0.9975    -1.894464  0.001148784      22310.5
        7610    0.9976869    -1.886402   0.00191523     22439.63
        7612    0.9974069    -1.883102  0.002291482     22446.62
        7614    0.9968567    -1.879668  0.001730783     22447.22
        7616    0.9962225    -1.876132  0.001728768      22447.2
        7618    0.9956331    -1.872555  0.001622381     22449.68
        7620     0.995313    -1.869272   0.00138949     22455.01
        7622    0.9954196    -1.866689  0.001093167     22459.57
        7624     0.995998    -1.865016 0.0008163876     22460.23
        7626    0.9968434     -1.86381 0.0006338788     22459.79
        7628    0.9978172    -1.862741 0.0006066507     22460.79
        7630    0.9987819    -1.861618 0.0006938412      22462.7
        7632    0.9995431    -1.860163 0.0008496504     22464.96
        7634     1.000022    -1.858259  0.001055721     22467.43
        7636     1.000148    -1.855944  0.001290985     22466.87
        7638    0.9999564    -1.853172  0.001506686     22465.43
        7640    0.9994576    -1.849835   0.00168306     22465.95
        7642    0.9988003    -1.846206  0.001812168     22467.52
        7644    0.9980909    -1.842479  0.001841436     22469.48
        7646    0.9973223    -1.838675  0.001802382     22471.13
        7648    0.9966784    -1.835104  0.001722926     22471.94
        7650    0.9961455    -1.831787  0.001584765     22470.94
        7652    0.9957894    -1.828696  0.001453893     22471.08
        7654    0.9957049    -1.825997  0.001345411     22471.96
        7656    0.9957815    -1.823472  0.001234227     22474.55
        7658    0.9959795    -1.821024  0.001119544     22479.73
        7660     0.996304    -1.818822 0.0009971036      22483.8
        7662    0.9967555     -1.81704 0.0008634402     22482.93
        7664    0.9973039    -1.815496  0.000734901     22480.15
        7666    0.9979965    -1.814116 0.0006476745     22478.73
        7668    0.9988583    -1.812943 0.0005772504     22478.62
        7670    0.9998238    -1.811859 0.0005038589     22480.15
        7672     1.000869    -1.810878  0.000445682     22482.18
        7674     1.001951    -1.810085  0.000394474      22481.3
        7676     1.003059    -1.809377 0.0003498813     22479.46
        7678     1.004151    -1.808703 0.0002974621     22476.34
        7680     1.005229    -1.808079 -0.0002894143     22471.61
        7682     1.006283    -1.807705 -0.001177728     22460.46
        7684     1.007604    -1.811693 -0.0004560981     22361.48
        7686     1.008325    -1.818125 0.0009923367     22187.74
        7688     1.008216    -1.811727  0.001881867     22270.72
        7690     1.008815    -1.799767  0.002985689     22501.68
        7692       1.0091    -1.796638  0.002520468     22525.57
        7694     1.009007    -1.794239  0.001390432     22519.85
        7696     1.008791    -1.791564  0.001388522      22516.1
        7698      1.00852    -1.788643  0.001467442     22515.92
        7700      1.00852    -1.788643  0.001467442     22515.92
