#Data from HDF File: /nfs/ruche-rock/rock-soleil/com-rock/2019/Projets/20191212_Matthias/References/Co_foil/Co_foil_00002.nxs to Co_foil_00051.nxs
#Time at start=2019-12-17 11:47:49.480
#Time from start (seconds)=128.980441765
#Sample temperature (C)=nan
# Normalization -------------
# pivot spectrum: Standard_Co_DE-4_ap_FeCo_with_Co_foil_Co_av1300_00001.txt
# E0=7709.0   Eshift=-0.600580926215
# E0_pivot = 7709.0
# pre-edge params: from E0_pivot-200.0 to E0_pivot-30.0
# pre-edge range: [7509.0, 7679.0]
# post-edge params: from E0_pivot+120.0 to E0_pivot+800.0
# post-edge range: [7829.0, 8500.0]
# I jump at E0_pivot = 1.50926537867
# shifted energy	normalized	reference	ref.derivative	I0
        7500  0.001548197   -0.6492421 0.0007388027     22531.12
        7502  0.001525818   -0.6477495 0.0007531753     22534.76
        7504  0.001450773   -0.6462032 0.0007437393     22537.84
        7506  0.001360736   -0.6447164 0.0007283744     22539.08
        7508  0.001286672   -0.6432921 0.0007029813     22539.46
        7510  0.001249281   -0.6419225 0.0006984901     22539.86
        7512  0.001193442   -0.6405794 0.0007063883     22539.04
        7514  0.001118286   -0.6391284 0.0007222348     22539.99
        7516  0.001043322    -0.637641 0.0007302408     22541.75
        7518 0.0009966561   -0.6361446 0.0007337928     22544.66
        7520 0.0009453419   -0.6347374 0.0007361325     22545.43
        7522 0.0008634962   -0.6332581 0.0007394082     22546.78
        7524   0.00080857    -0.631752  0.000755378     22549.64
        7526 0.0007516469   -0.6302294 0.0007651709      22552.8
        7528 0.0006771772   -0.6286944 0.0007516241     22555.64
        7530 0.0006300208   -0.6271367 0.0007381516     22559.91
        7532 0.0005597695    -0.625739 0.0007334306     22559.83
        7534 0.0005140125   -0.6243242 0.0007069611     22560.95
        7536 0.0004373201    -0.622827 0.0007006615     22562.88
        7538 0.0003963165    -0.621481 0.0007054285     22562.63
        7540 0.0003535628   -0.6201337 0.0007072781     22562.35
        7542 0.0003148178   -0.6186807 0.0007125487     22564.56
        7544 0.0002675583   -0.6171687 0.0007274191     22567.81
        7546 0.0002322218   -0.6157807 0.0007470535     22568.69
        7548 0.0001879824   -0.6143143  0.000738489     22571.02
        7550 0.0001055939   -0.6127043 0.0007382164     22575.28
        7552 7.362556e-05   -0.6112608 0.0007291474     22577.51
        7554 3.922989e-05   -0.6098749 0.0007095055     22578.37
        7556 -4.026669e-07   -0.6084812 0.0007192212     22579.24
        7558 -5.695455e-05   -0.6070283 0.0007288202     22580.85
        7560 -9.376261e-05   -0.6055071  0.000731406     22584.66
        7562 -0.0001341319   -0.6040444 0.0007227615     22587.04
        7564 -0.0001940758   -0.6026299 0.0007158494     22587.68
        7566 -0.0002146853   -0.6012462   0.00071156     22588.96
        7568 -0.0002672424   -0.5997803 0.0007160803     22591.01
        7570 -0.0002926213   -0.5983519 0.0007334927     22593.13
        7572 -0.000337765   -0.5969013 0.0007445585     22595.08
        7574 -0.0003864019   -0.5953782 0.0007560034     22598.53
        7576 -0.0003994986   -0.5938238 0.0007502803     22603.89
        7578 -0.0004377851   -0.5923039 0.0007251593     22607.62
        7580 -0.0004609408    -0.590899 0.0006837113     22609.29
        7582 -0.0004993511   -0.5895769 0.0006644625     22608.59
        7584 -0.000523019   -0.5883541 0.0006593276     22606.17
        7586 -0.0005479114   -0.5869882 0.0006682651     22606.91
        7588 -0.0005713129   -0.5856244 0.0006867488     22607.65
        7590 -0.0006094225   -0.5842308  0.000689042     22608.56
        7592 -0.0006364728   -0.5828601 0.0006900187     22609.33
        7594 -0.0006586329   -0.5814758 0.0006859607     22610.58
        7596 -0.0006802435   -0.5801043 0.0006950259     22611.55
        7598 -0.0006909287   -0.5787431 0.0002854669     22612.67
        7600 -0.0007011082   -0.5772999 -0.000314213     22615.63
        7602 -0.0005975352   -0.5791921 0.0005456807     22548.11
        7604 -0.0005645319    -0.582618 0.0005999637     22443.97
        7606 -0.0007852507   -0.5743777  0.001009146     22591.22
        7608 -0.000776859   -0.5725002  0.001602284     22604.53
        7610 -0.0007776053   -0.5711189 0.0007435941     22606.43
        7612 -0.0007761683   -0.5697997 0.0006955224     22607.01
        7614 -0.000804279   -0.5684289 0.0007133909     22607.75
        7616 -0.0008150723    -0.566936 0.0007203665     22611.81
        7618 -0.0008053862   -0.5654118 0.0007046459     22617.26
        7620  -0.00082397   -0.5640368 0.0006831974     22618.42
        7622 -0.0008206731   -0.5627918  0.000662743      22617.4
        7624 -0.0008066226   -0.5614704 0.0006632792     22618.46
        7626 -0.0008130674   -0.5601098 0.0006850365     22619.71
        7628 -0.0008131806   -0.5587305 0.0006877118     22621.58
        7630 -0.0007934617   -0.5573115 0.0006704942     22625.02
        7632 -0.0007564931   -0.5559687 0.0006568288     22627.33
        7634 -0.0007535242   -0.5547459 0.0006434287     22625.81
        7636 -0.0007269479   -0.5534759 0.0006433126     22626.14
        7638 -0.0007236403   -0.5521641 0.0006577292     22626.62
        7640 -0.0007002838   -0.5508222 0.0006619622     22628.45
        7642 -0.000661962   -0.5494841 0.0006470366     22630.71
        7644 -0.0006444603   -0.5481802  0.000631467     22631.49
        7646 -0.0005959853   -0.5469878 0.0006145528     22630.83
        7648 -0.0005643347   -0.5457705 0.0006039627     22630.15
        7650 -0.0004945721   -0.5445788 0.0005740065     22630.19
      7650.2 -0.0004784996   -0.5444594 0.0006106706      22630.5
      7650.4 -0.0004774528    -0.544339 0.0006478226     22630.33
      7650.6 -0.0005111503   -0.5441946 0.0006685765     22629.53
      7650.8 -0.0004907106   -0.5440605 0.0007076634     22630.32
        7651 -0.0004826768   -0.5439245 0.0006908558     22630.74
      7651.2 -0.0004946345   -0.5437728  0.000709957     22630.83
      7651.4 -0.0004772223   -0.5436419 0.0006909012     22631.45
      7651.6 -0.0004879074   -0.5434926 0.0006870458     22631.53
      7651.8 -0.0004849077   -0.5433718  0.000698338     22631.44
        7652 -0.000474168   -0.5432232 0.0006556654     22632.23
      7652.2 -0.0004644197   -0.5430833 0.0006737732     22632.79
      7652.4 -0.0004547839    -0.542968 0.0006517849      22632.8
      7652.6 -0.0004406408   -0.5428328 0.0006810133      22633.4
      7652.8 -0.0004260508   -0.5427018 0.0007156408     22633.93
        7653 -0.0004416716   -0.5425385  0.000721096     22634.16
      7653.2 -0.0004343724   -0.5423955 0.0007325503     22634.71
      7653.4 -0.0004286187   -0.5422559  0.000711322     22635.12
      7653.6 -0.0004159224   -0.5421157 0.0007489405     22635.79
      7653.8 -0.0003990065   -0.5419694 0.0007542051     22636.74
        7654 -0.0004008403   -0.5417964 0.0007387455     22637.66
      7654.2 -0.0003870464   -0.5416526 0.0007286111     22638.44
      7654.4 -0.0003879302   -0.5415247  0.000723858     22638.37
      7654.6 -0.0003836262   -0.5413865 0.0007352416     22638.71
      7654.8 -0.0003809953   -0.5412173 0.0007495312     22639.69
        7655 -0.0003698329   -0.5410644 0.0007473509      22640.6
      7655.2 -0.0003487367   -0.5409251  0.000739136     22641.53
      7655.4 -0.0003398751   -0.5407886 0.0007601032     22641.98
      7655.6 -0.0003443984    -0.540626 0.0007698502     22642.57
      7655.8 -0.0003534541   -0.5404563 0.0007869289     22643.17
        7656 -0.0003490984   -0.5403092 0.0007365999     22643.71
      7656.2 -0.0003581648   -0.5401591 0.0006763525     22643.86
      7656.4 -0.0003347448   -0.5400367 0.0006340692      22644.5
      7656.6 -0.0003331565   -0.5399152 0.0005548546     22644.37
      7656.8 -0.0003124732    -0.539802 0.0005606619      22644.7
        7657 -0.0002798007   -0.5397152 0.0005432322     22644.85
      7657.2 -0.000293019   -0.5395882 0.0005242997     22644.35
      7657.4 -0.0003046181   -0.5394806 0.0005370266     22643.46
      7657.6 -0.0002864899   -0.5393825 0.0005205212     22643.37
      7657.8 -0.0002645605   -0.5392856 0.0005621061     22643.38
        7658 -0.0002600167   -0.5391717 0.0005513628     22643.18
      7658.2 -0.0002793416   -0.5390309 0.0005599416     22642.78
      7658.4 -0.0002553896   -0.5389414 0.0005183157     22642.69
      7658.6 -0.000232169   -0.5388376 0.0004722905      22642.9
      7658.8 -0.000203904   -0.5387571 0.0005033182     22642.76
        7659 -0.0002174222   -0.5386531 0.0004881512     22641.73
      7659.2 -0.0002117819   -0.5385388 0.0004971159     22641.58
      7659.4 -0.0002017482   -0.5384471 0.0004896331     22641.07
      7659.6 -0.0001962061   -0.5383594 0.0004709991     22640.32
      7659.8 -0.0001904069   -0.5382614  0.000487908     22639.81
        7660 -0.0001870298    -0.538162 0.0005121465     22639.25
      7660.2 -0.0001782515   -0.5380568 0.0005281496        22639
      7660.4 -0.0001523716   -0.5379497 0.0005409643     22639.37
      7660.6 -0.0001500748   -0.5378389 0.0005716136     22639.03
      7660.8 -0.0001516031   -0.5377292 0.0005677196     22638.53
        7661 -0.0001553565   -0.5375995 0.0005745371     22638.41
      7661.2 -0.0001427322   -0.5374955 0.0006087178     22638.27
      7661.4 -0.0001233213   -0.5373793  0.000601976     22638.62
      7661.6 -0.0001191763   -0.5372422 0.0006108708     22638.93
      7661.8 -0.0001257506   -0.5371179 0.0006052233     22638.59
        7662 -0.000108554   -0.5370068 0.0006303276     22638.76
      7662.2 -7.531126e-05   -0.5368951  0.000609709     22639.49
      7662.4 -6.508095e-05    -0.536738 0.0005956438     22640.45
      7662.6 -6.010579e-05   -0.5366301 0.0005933593     22640.13
      7662.8 -5.83661e-05   -0.5365303 0.0005365148     22639.53
        7663 -3.788164e-05   -0.5364204 0.0005458925     22639.78
      7663.2 -1.219962e-05   -0.5363088 0.0005475261     22640.25
      7663.4 -1.207181e-05   -0.5361934 0.0005220697     22639.93
      7663.6 -1.422467e-05   -0.5360923 0.0004944529     22639.23
      7663.8 1.259491e-05   -0.5360027 0.0004826164     22639.24
        7664  3.36307e-05   -0.5359132 0.0004969728     22639.05
      7664.2 5.580209e-05   -0.5358073  0.000547796     22639.27
      7664.4 5.504885e-05   -0.5356947 0.0005764864     22638.87
      7664.6 5.427393e-05   -0.5355645 0.0005890463     22638.85
      7664.8 5.740706e-05    -0.535452 0.0006135227     22638.58
        7665 6.406183e-05   -0.5353361 0.0006170948      22638.5
      7665.2 7.535605e-05   -0.5352039  0.000636803     22638.94
      7665.4 7.813876e-05   -0.5350708 0.0006550159     22639.11
      7665.6 7.331339e-05   -0.5349426 0.0006604349     22638.92
      7665.8 6.946326e-05   -0.5348121 0.0006509514     22638.81
        7666  9.41459e-05   -0.5346755 0.0006514953     22639.81
      7666.2  8.92207e-05   -0.5345501 0.0006713486     22639.55
      7666.4 0.0001213456   -0.5344214 0.0006794502     22640.62
      7666.6 0.0001242953    -0.534275 0.0006837766     22641.09
      7666.8 0.0001292281    -0.534132 0.0006713532     22641.56
        7667 0.0001481808    -0.534003   0.00063379     22642.19
      7667.2 0.0001629475   -0.5338843 0.0006217704     22642.45
      7667.4 0.0001966149    -0.533768  0.000624419     22643.29
      7667.6 0.0001983702   -0.5336345 0.0006008701     22643.44
      7667.8 0.0001993063   -0.5335035 0.0005904981      22643.5
        7668 0.0002387261   -0.5334036 0.0005512356     22644.17
      7668.2 0.0002535048   -0.5332956 0.0005548547     22644.19
      7668.4 0.0002641067   -0.5331936  0.000552127     22643.93
      7668.6 0.0002765006   -0.5330596 0.0005399698     22644.45
      7668.8 0.0002985254   -0.5329619  0.000550955     22644.48
        7669 0.0003177972   -0.5328636  0.000514169     22644.44
      7669.2 0.0003264144   -0.5327528 0.0005507433     22644.31
      7669.4 0.0003513853   -0.5326483 0.0005613596     22644.59
      7669.6 0.0003456126   -0.5325213  0.000577551     22644.34
      7669.8 0.0003702186   -0.5324145  0.000582053     22644.66
        7670 0.0003548115   -0.5322908 0.0005358456     22644.01
      7670.2 0.0003675156   -0.5321826 0.0005257439     22643.96
      7670.4 0.0004030385   -0.5320926 0.0005193441     22644.28
      7670.6 0.0004203684   -0.5319939  0.000513069     22644.17
      7670.8 0.0004245747   -0.5318753 0.0005281296     22644.07
        7671 0.0004412964   -0.5317722 0.0005167252     22644.04
      7671.2 0.0004521841   -0.5316701 0.0004781641      22643.8
      7671.4 0.0004742663   -0.5315805 0.0004701635     22643.65
      7671.6 0.0005040989   -0.5314927 0.0004833465     22643.72
      7671.8 0.0005002851   -0.5313961 0.0004692782     22642.86
        7672 0.0004943854   -0.5312834  0.000466038     22642.28
      7672.2 0.0005050355   -0.5312051 0.0004533398     22641.49
      7672.4 0.0005339796   -0.5311199 0.0004542241     22641.47
      7672.6 0.0005539919   -0.5310334 0.0004839454     22641.19
      7672.8 0.0005604906   -0.5309201 0.0004822959     22641.04
        7673 0.0005681789    -0.530818 0.0004635934     22640.69
      7673.2  0.000591869   -0.5307341 0.0004184113     22640.47
      7673.4 0.0006204416   -0.5306625 0.0004137518     22640.13
      7673.6 0.0006490798   -0.5305853 0.0004315702     22639.93
      7673.8 0.0006752238    -0.530487 0.0004385474     22640.11
        7674 0.0006797588   -0.5303888 0.0004590741     22639.56
      7674.2 0.0006891439   -0.5303117  0.000445913     22638.71
      7674.4 0.0007034151   -0.5302181 0.0004505323     22638.38
      7674.6 0.0007416791   -0.5301302  0.000500232     22638.74
      7674.8 0.0007542649   -0.5300284 0.0005026673     22638.55
        7675 0.0007558968   -0.5299115 0.0005128543     22638.32
      7675.2 0.0007529803   -0.5298159 0.0005012496     22637.46
      7675.4 0.0007671846   -0.5297199 0.0004324008     22637.19
      7675.6 0.0008097595   -0.5296274 0.0004111653      22637.8
      7675.8 0.0008485276   -0.5295656 0.0003905616      22637.6
        7676 0.0008732775    -0.529487 0.0003559755     22637.29
      7676.2 0.0009186046   -0.5294075 0.0003689625      22637.7
      7676.4 0.0009337671   -0.5293426 0.0003518225     22636.77
      7676.6 0.0009604673   -0.5292704 0.0003553381     22636.38
      7676.8 0.0009677329   -0.5292055 0.0003812701     22635.18
        7677 0.0009891208   -0.5291232 0.0003795838     22634.85
      7677.2 0.0009825071   -0.5290376  0.000378181     22633.64
      7677.4 0.0009952308   -0.5289667 0.0003286306     22632.75
      7677.6  0.001017141    -0.528903 0.0002832523     22632.02
      7677.8  0.001056227   -0.5288603 0.0002495402     22631.39
        7678   0.00108558    -0.528811 0.0001946372     22630.59
      7678.2  0.001094064   -0.5287671 0.0001772725     22628.96
      7678.4  0.001130135   -0.5287473 0.0001420354     22627.72
      7678.6  0.001177028   -0.5287185 0.0001241023     22627.05
      7678.8  0.001226041   -0.5286974   0.00010328     22626.28
        7679  0.001223085   -0.5286678 4.898428e-05     22623.94
      7679.2   0.00124404   -0.5286647 -3.398312e-05     22621.81
      7679.4  0.001288542   -0.5286793 -0.0001488079     22620.09
      7679.6  0.001324379   -0.5287246 -0.0003109526     22617.38
      7679.8  0.001349911   -0.5287869 -0.0005402277     22613.95
        7680  0.001393731   -0.5289134 -0.0008730341      22609.7
      7680.2  0.001447587   -0.5291115 -0.001375737     22604.18
      7680.4  0.001514978    -0.529423 -0.002000069     22596.59
      7680.6  0.001604417   -0.5298874 -0.002833628     22586.32
      7680.8  0.001685727   -0.5305135 -0.003882487     22572.17
        7681  0.001813777   -0.5313784 -0.005690146     22554.26
      7681.2  0.001937158    -0.532529 -0.007569078     22529.84
      7681.4   0.00210611   -0.5344396  -0.00931667     22490.05
      7681.6  0.002284287   -0.5365687  -0.01079671     22445.78
      7681.8  0.002415011   -0.5388317  -0.01130511     22397.04
        7682  0.002423553   -0.5411663  -0.01140387     22342.74
      7682.2  0.002349283   -0.5434837 -0.009810134     22286.19
      7682.4  0.002051036   -0.5456918 -0.007246175     22224.76
      7682.6  0.001871705   -0.5466798 -0.003982555     22194.23
      7682.8  0.001726238   -0.5469633 -0.0001905158     22180.33
        7683  0.001584916   -0.5466697  0.002895978     22179.25
      7683.2  0.001471947   -0.5458442  0.005201916     22190.79
      7683.4  0.001381266   -0.5443631  0.006940052      22217.5
      7683.6  0.001353111   -0.5428017  0.008156093     22248.08
      7683.8  0.001373741   -0.5411177  0.008506101     22283.04
        7684  0.001413108   -0.5393194  0.008734099     22321.21
      7684.2  0.001459811   -0.5375582  0.008793893     22358.86
      7684.4  0.001482418   -0.5358145  0.008843197     22395.39
      7684.6    0.0015242   -0.5340825    0.0089537     22432.36
      7684.8  0.001488289   -0.5322448  0.008983727     22469.13
        7685  0.001520064   -0.5303952  0.008923258      22508.5
      7685.2  0.001555291   -0.5286275  0.008542021     22546.24
      7685.4  0.001675292   -0.5269439   0.00779009     22585.01
      7685.6  0.001809043   -0.5254112   0.00648629     22620.94
      7685.8  0.001966199   -0.5241631  0.004933653     22651.33
        7686  0.002122496   -0.5234385  0.003364703     22669.98
      7686.2  0.002228735    -0.522997  0.002024773     22680.59
      7686.4  0.002303002   -0.5227194  0.001267438     22686.43
      7686.6   0.00236705   -0.5225433 0.0008204453     22689.65
      7686.8  0.002417821   -0.5224245 0.0005522861     22691.13
        7687  0.002483225   -0.5223407  0.000384282     22692.33
      7687.2  0.002525463   -0.5222776 0.0003264723     22692.26
      7687.4  0.002570966   -0.5222359 0.0002740262     22691.83
      7687.6  0.002599127   -0.5221633 0.0002615555     22691.51
      7687.8  0.002636139   -0.5221214 0.0002590808     22690.79
        7688  0.002686306   -0.5220684 0.0002395448     22690.78
      7688.2   0.00272991   -0.5220286 0.0002119791     22690.24
      7688.4  0.002761507   -0.5219717 0.0002004611     22689.68
      7688.6  0.002823962   -0.5219519  0.000186976     22689.33
      7688.8  0.002878973    -0.521908 0.0001400803     22689.27
        7689  0.002927747   -0.5218791 0.0001289472     22688.67
      7689.2  0.002972082   -0.5218596 9.785065e-05      22687.7
      7689.4  0.003025593   -0.5218487 6.799869e-05     22686.85
      7689.6  0.003085432   -0.5218297 5.469428e-05     22686.39
      7689.8  0.003147663   -0.5218247  6.13284e-05      22685.7
        7690  0.003186885   -0.5218159 6.678739e-05     22684.32
      7690.2  0.003235932   -0.5217996 6.676416e-05     22683.44
      7690.4  0.003297012   -0.5217763 7.166225e-05     22683.13
      7690.6   0.00337685   -0.5217712 8.436562e-05     22683.04
      7690.8   0.00343237   -0.5217585 5.537985e-05     22682.29
        7691  0.003488008   -0.5217321 4.846544e-05     22681.86
      7691.2  0.003559608    -0.521732 4.941266e-05     22681.38
      7691.4  0.003617302   -0.5217325   2.8078e-05     22680.42
      7691.6  0.003671024    -0.521719  5.06288e-05     22679.63
      7691.8    0.0037401   -0.5217097 7.336633e-05     22679.28
        7692  0.003782318   -0.5216915 6.611314e-05     22678.21
      7692.2  0.003866422   -0.5216738 7.061941e-05     22678.54
      7692.4  0.003946318   -0.5216661 6.865465e-05     22678.52
      7692.6  0.004031092   -0.5216532 5.314203e-05     22678.77
      7692.8  0.004096161   -0.5216366 7.188389e-05     22678.44
        7693  0.004161741   -0.5216313 7.926174e-05     22677.87
      7693.2  0.004232882   -0.5216086 9.190564e-05     22677.88
      7693.4  0.004305677   -0.5215898 0.0001024341     22677.87
      7693.6  0.004370396    -0.521563 0.0001055455     22677.75
      7693.8  0.004467918   -0.5215493 9.536567e-05     22678.46
        7694  0.004525456   -0.5215242 7.496304e-05     22678.06
      7694.2  0.004611893   -0.5215135 6.213863e-05     22678.32
      7694.4  0.004714858   -0.5215031 1.527951e-05     22679.14
      7694.6  0.004794515   -0.5214996 -4.061945e-07     22679.01
      7694.8  0.004883272    -0.521512 -2.403822e-05     22678.83
        7695   0.00495719   -0.5215138 -4.150936e-05     22678.38
      7695.2  0.005067183   -0.5215223 -6.194505e-05     22679.01
      7695.4  0.005149053   -0.5215328 -8.17578e-05     22678.64
      7695.6  0.005255901   -0.5215615   -0.0001016     22678.71
      7695.8  0.005348703   -0.5215792 -0.0001016094     22678.55
        7696  0.005441475   -0.5216036 -0.0001091897     22678.24
      7696.2  0.005533164   -0.5216141 -0.0001313944      22678.2
      7696.4  0.005651805   -0.5216489 -0.0001253161     22678.53
      7696.6  0.005760866   -0.5216843 -0.0001695105     22678.52
      7696.8  0.005869825   -0.5217038 -0.0001903056     22678.87
        7697  0.005993484   -0.5217497 -0.0002008943     22679.12
      7697.2  0.006121763   -0.5218011 -0.0002333219      22679.4
      7697.4  0.006230381    -0.521845 -0.0002580735     22679.19
      7697.6  0.006354902   -0.5218905 -0.0002877446     22679.48
      7697.8  0.006502637   -0.5219562 -0.0003332205      22680.1
        7698   0.00664088   -0.5220313 -0.0003789476     22680.19
      7698.2  0.006779796   -0.5221116 -0.0004039378     22680.19
      7698.4  0.006922732   -0.5221936 -0.0004255537     22680.28
      7698.6  0.007050925   -0.5222793 -0.0004398446     22679.79
      7698.8  0.007202451   -0.5223717 -0.0004853072     22679.95
        7699  0.007333597   -0.5224635 -0.0005265419     22679.42
      7699.2  0.007501303   -0.5225819 -0.0005710485     22679.54
      7699.4   0.00766456   -0.5227006 -0.0006048784      22679.5
      7699.6  0.007831074   -0.5228286 -0.0006146253     22679.36
      7699.8   0.00803404   -0.5229474 -0.0006147844     22680.66
        7700  0.008211082   -0.5230736 -0.0006311241     22680.92
      7700.2  0.008381428   -0.5231924 -0.000716817     22681.11
      7700.4  0.008577974   -0.5233335 -0.0007785793      22681.7
      7700.6  0.008812225   -0.5235209 -0.0008230629     22682.52
      7700.8  0.009033646   -0.5236964 -0.0008576378     22683.17
        7701  0.009218843   -0.5238508 -0.0008966527     22683.08
      7701.2  0.009430726   -0.5240196 -0.0009921792     22683.56
      7701.4  0.009668951   -0.5242382 -0.001062533     22683.82
      7701.6  0.009934574   -0.5244902 -0.001151436     22684.25
      7701.8   0.01015052   -0.5247009 -0.001228268     22683.93
        7702   0.01037896   -0.5249407  -0.00132513     22683.38
      7702.2   0.01067087   -0.5252208 -0.001499071     22684.07
      7702.4   0.01097748   -0.5255503 -0.001643808     22684.16
      7702.6   0.01129504   -0.5259001 -0.001745526     22684.15
      7702.8   0.01162408   -0.5262558 -0.001870499     22684.41
        7703   0.01196516   -0.5266172 -0.001994968     22684.95
      7703.2   0.01232344   -0.5270467  -0.00213903     22684.53
      7703.4   0.01269633   -0.5274961 -0.002325599     22684.17
      7703.6   0.01307407    -0.527967 -0.002463041     22683.49
      7703.8   0.01349389   -0.5284777 -0.002601765     22683.34
        7704   0.01394317   -0.5290171 -0.002714609     22683.55
      7704.2   0.01438962   -0.5295775 -0.002860147     22683.19
      7704.4   0.01485683   -0.5301387 -0.003104463     22683.51
      7704.6   0.01533946   -0.5307658 -0.003354185     22682.88
      7704.8   0.01593177   -0.5315007 -0.003576935     22683.54
        7705   0.01653148   -0.5322608 -0.003773995     22683.89
      7705.2   0.01709462   -0.5330002 -0.003949858     22683.46
      7705.4   0.01771334    -0.533785 -0.004490252      22683.9
      7705.6   0.01837507   -0.5346606 -0.004938592     22683.75
      7705.8   0.01928472    -0.535853 -0.005383472      22684.9
        7706   0.02010213   -0.5369511 -0.005859516     22685.03
      7706.2   0.02093226   -0.5380918 -0.006147069     22684.64
      7706.4   0.02185105   -0.5393482 -0.007250147     22684.66
      7706.6   0.02291915   -0.5407707 -0.008118686     22686.01
      7706.8   0.02430367   -0.5427512 -0.009100086     22685.55
        7707   0.02560733   -0.5445867  -0.01032158     22685.61
      7707.2   0.02704487   -0.5466283   -0.0115091     22685.58
      7707.4   0.02872731    -0.549028  -0.01382971      22685.8
      7707.6   0.03075218   -0.5519585  -0.01644389     22685.71
      7707.8   0.03330173   -0.5556505  -0.01972509      22686.3
        7708    0.0361449   -0.5597834   -0.0238587     22686.95
      7708.2   0.03956638    -0.564808  -0.02875247     22687.17
      7708.4   0.04380142   -0.5710455  -0.03514325     22687.72
      7708.6   0.04896836   -0.5786525  -0.04306863     22688.26
      7708.8   0.05522164    -0.587898  -0.05351222     22688.83
        7709   0.06286825   -0.5992629  -0.06430328     22689.02
      7709.2   0.07264147   -0.6138553  -0.07511133     22688.81
      7709.4   0.08352155   -0.6300951  -0.08629164     22689.12
      7709.6   0.09548721    -0.647987  -0.09808386     22689.12
      7709.8    0.1090364   -0.6682963   -0.1151532     22688.51
        7710    0.1250733   -0.6923223   -0.1255533     22688.74
      7710.2     0.144987   -0.7222176   -0.1325005     22688.57
      7710.4    0.1624642   -0.7484297   -0.1358912     22688.54
      7710.6    0.1797378   -0.7742966   -0.1361573     22689.35
      7710.8    0.1975664   -0.8010353   -0.1415203     22689.39
        7711     0.217611   -0.8311435   -0.1396875     22688.88
      7711.2    0.2379409    -0.861646   -0.1343962     22689.17
      7711.4    0.2541997   -0.8860467   -0.1248523     22688.52
      7711.6    0.2692459   -0.9085522   -0.1169237     22689.32
      7711.8    0.2842557   -0.9310253   -0.1135714     22689.62
        7712    0.3003713   -0.9551849   -0.1090247     22689.52
      7712.2    0.3148654   -0.9769038   -0.1024184     22689.27
      7712.4     0.327481   -0.9957719  -0.09316088     22689.38
      7712.6    0.3389921     -1.01296  -0.08512448     22689.77
      7712.8    0.3501822    -1.029714  -0.07783146     22689.05
        7713    0.3604245    -1.045003  -0.07034112     22689.07
      7713.2    0.3691737    -1.058037  -0.06117953     22689.15
      7713.4    0.3766961    -1.069233  -0.05149481     22688.92
      7713.6    0.3830438    -1.078657  -0.04222255     22688.67
      7713.8    0.3881348    -1.086199  -0.03386348     22688.08
        7714    0.3919723    -1.091815  -0.02682319     22688.27
      7714.2    0.3950678    -1.096324  -0.02079988     22688.17
      7714.4    0.3976936    -1.100116   -0.0162589     22688.25
      7714.6    0.3996193    -1.102839  -0.01282193     22688.59
      7714.8    0.4010526    -1.104822  -0.01047268     22688.87
        7715    0.4023184    -1.106581  -0.01094747     22688.51
      7715.2    0.4037243    -1.108494  -0.01277575     22689.44
      7715.4    0.4058917    -1.111597   -0.0158965     22689.45
      7715.6    0.4082932    -1.115043  -0.02032499      22689.7
      7715.8    0.4112275    -1.119298  -0.02536031     22689.81
        7716    0.4149529    -1.124754  -0.03475465      22689.8
      7716.2    0.4197752    -1.131885  -0.04321125     22689.33
      7716.4    0.4271428    -1.142847  -0.05151311     22689.12
      7716.6    0.4345645    -1.153867  -0.05994129      22689.4
      7716.8    0.4426703    -1.165964  -0.06637752     22688.71
        7717    0.4519637    -1.179838  -0.07598721     22688.36
      7717.2     0.462753    -1.195949  -0.08380886     22688.49
      7717.4    0.4752619    -1.214657  -0.09023221     22688.55
      7717.6    0.4875288    -1.233012  -0.09455686     22688.37
      7717.8    0.5002334    -1.252024  -0.09625425     22688.24
        7718    0.5132946    -1.271594  -0.09883702     22687.67
      7718.2    0.5267059    -1.291661   -0.1006643     22687.83
      7718.4    0.5403482    -1.312081   -0.1035464     22687.86
      7718.6    0.5540224    -1.332556   -0.1037801     22687.76
      7718.8     0.568645    -1.354431   -0.1024179     22688.34
        7719    0.5821852    -1.374685   -0.1008532     22688.66
      7719.2    0.5951239    -1.394015  -0.09852412     22689.32
      7719.4    0.6079637    -1.413238   -0.1019789     22689.05
      7719.6    0.6213462     -1.43325   -0.1012053     22689.44
      7719.8    0.6367332    -1.456268  -0.09910578     22690.29
        7720    0.6492547     -1.47498  -0.09592963      22690.7
      7720.2    0.6609894    -1.492523  -0.09078201     22690.69
      7720.4    0.6727017    -1.509994  -0.09238927     22691.54
      7720.6    0.6853354    -1.528893  -0.09000752     22691.55
      7720.8    0.6986928    -1.548891  -0.08625889     22691.41
        7721    0.7091888    -1.564529  -0.08122081     22692.21
      7721.2    0.7189069    -1.579001  -0.07634691     22692.81
      7721.4    0.7288536     -1.59387  -0.07642228     22692.26
      7721.6    0.7396342    -1.609969  -0.07607285     22692.34
      7721.8    0.7501547    -1.625667  -0.07460575     22692.62
        7722    0.7596611     -1.63986  -0.07300108     22692.32
      7722.2    0.7688523    -1.653555  -0.07278308     22692.51
      7722.4    0.7787962     -1.66837  -0.07440557     22693.07
      7722.6    0.7891839    -1.683893  -0.07708756     22692.76
      7722.8    0.7995552    -1.699384   -0.0791585     22692.62
        7723    0.8101734    -1.715225  -0.08006793        22693
      7723.2    0.8211918    -1.731696  -0.08032158     22692.77
      7723.4    0.8320766    -1.747947  -0.08127841     22692.97
      7723.6    0.8425693    -1.763641  -0.08346469     22692.38
      7723.8    0.8537141    -1.780247  -0.08587442     22693.42
        7724    0.8658891    -1.798468  -0.08627293     22693.12
      7724.2    0.8780446    -1.816647  -0.08504825     22693.08
      7724.4    0.8887712     -1.83266  -0.08181418     22693.27
      7724.6    0.8992425    -1.848286  -0.08239161     22693.48
      7724.8     0.909711    -1.863919  -0.08255453     22693.43
        7725    0.9221584     -1.88256  -0.08015983     22692.92
      7725.2    0.9329748    -1.898703  -0.07677281     22693.23
      7725.4     0.942164    -1.912414  -0.06889485        22693
      7725.6    0.9508412    -1.925338  -0.06666291     22693.09
      7725.8    0.9591169    -1.937676  -0.06365207     22692.72
        7726    0.9687322    -1.952034  -0.05977823     22692.41
      7726.2    0.9763183    -1.963336  -0.05577417     22691.94
      7726.4    0.9829376     -1.97316  -0.04892889     22691.87
      7726.6    0.9891044    -1.982295  -0.04575414     22691.95
      7726.8     0.995126    -1.991177  -0.04289669     22692.82
        7727     1.001045    -1.999939  -0.03999894     22692.87
      7727.2     1.006147    -2.007478  -0.03674824     22692.73
      7727.4     1.010776    -2.014295  -0.03313898     22692.75
      7727.6     1.015051    -2.020575  -0.03024976     22692.82
      7727.8     1.019046     -2.02645  -0.02778068     22692.51
        7728     1.022606    -2.031677  -0.02580784     22691.98
      7728.2      1.02592    -2.036519  -0.02358976     22691.78
      7728.4     1.029148    -2.041222  -0.02145381     22691.79
      7728.6     1.031983    -2.045322  -0.01935198     22692.04
      7728.8     1.034423     -2.04884  -0.01712347     22691.95
        7729     1.036651    -2.052001  -0.01589152     22692.69
      7729.2     1.038671     -2.05492  -0.01431079      22691.8
      7729.4     1.040829    -2.058035  -0.01281251      22691.2
      7729.6     1.042453    -2.060289  -0.01123898     22691.84
      7729.8     1.043839    -2.062251  -0.00928213     22690.99
        7730     1.045053    -2.063912 -0.008564641     22691.03
      7730.2     1.046201    -2.065461 -0.007628433     22691.36
      7730.4     1.047418    -2.067141 -0.006917219     22691.11
      7730.6     1.048324    -2.068353 -0.006377147     22690.79
      7730.8     1.049153    -2.069445 -0.005845045     22690.59
        7731     1.050005    -2.070562 -0.006162582     22690.59
      7731.2      1.05095    -2.071817 -0.006716586     22690.65
      7731.4     1.052037    -2.073284  -0.00747018     22690.77
      7731.6     1.053159    -2.074819  -0.00858708     22690.53
      7731.8     1.054411    -2.076539 -0.009953906     22690.54
        7732     1.055938    -2.078687  -0.01164752     22690.28
      7732.2      1.05775    -2.081247  -0.01342432     22690.42
      7732.4     1.059798    -2.084137  -0.01509414     22691.11
      7732.6      1.06199    -2.087278  -0.01640154      22691.1
      7732.8     1.064398    -2.090762  -0.01721011     22690.68
        7733     1.066915    -2.094368  -0.01776668     22691.21
      7733.2     1.069352    -2.097905  -0.01803618     22690.59
      7733.4     1.071848    -2.101491  -0.01829666     22690.86
      7733.6     1.074429    -2.105191  -0.01766701     22691.46
      7733.8      1.07705    -2.109005  -0.01650147     22690.85
        7734     1.079179    -2.112038  -0.01480387     22691.07
      7734.2     1.081048    -2.114693  -0.01269857     22691.02
      7734.4     1.082712    -2.117034  -0.01088229     22691.06
      7734.6      1.08424    -2.119164 -0.008442725     22691.22
      7734.8     1.085387    -2.120744 -0.005807636     22690.83
        7735     1.085971    -2.121447 -0.002668876     22691.05
      7735.2     1.086227     -2.12168 0.0007640116     22690.68
      7735.4     1.086081    -2.121299  0.003857361     22690.48
      7735.6     1.085425    -2.120133  0.006765404     22690.63
      7735.8     1.084339    -2.118361  0.009464338     22689.83
        7736      1.08304    -2.116268    0.0119306     22689.01
      7736.2     1.081465    -2.113728   0.01448304     22688.86
      7736.4     1.079513    -2.110588   0.01689638     22689.41
      7736.6     1.077087    -2.106774   0.01892938     22689.03
      7736.8      1.07451    -2.102751   0.02039702     22688.26
        7737     1.071853    -2.098584   0.02130336     22687.99
      7737.2     1.069096    -2.094271   0.02186425     22687.59
      7737.4     1.066211    -2.089732   0.02222867     22687.95
      7737.6     1.063335    -2.085259   0.02250457     22687.12
      7737.8     1.060488    -2.080801   0.02232497     22686.94
        7738     1.057594    -2.076267   0.02163106     22686.87
      7738.2     1.054775    -2.071872   0.02057392     22686.22
      7738.4     1.052267    -2.067954   0.01923209     22685.39
      7738.6     1.049972    -2.064342   0.01855218     22684.93
      7738.8     1.047779    -2.060881   0.01785727     22684.51
        7739     1.045332     -2.05703   0.01695429     22684.25
      7739.2     1.043201    -2.053668   0.01588937     22683.71
      7739.4     1.041385    -2.050779   0.01426174     22683.27
      7739.6     1.039788     -2.04817    0.0138964     22683.92
      7739.8     1.038192    -2.045621   0.01340898     22683.26
        7740     1.036259    -2.042551   0.01292444     22682.87
      7740.2     1.034686    -2.040052   0.01239727     22681.89
      7740.4     1.033331     -2.03783   0.01127269     22682.06
      7740.6     1.032036    -2.035703    0.0112912     22682.12
      7740.8     1.030696    -2.033533   0.01119202     22681.64
        7741     1.029129    -2.031019   0.01108593     22681.19
      7741.2     1.027818    -2.028877   0.01088743     22681.06
      7741.4     1.026573    -2.026834   0.01020736     22680.91
      7741.6     1.025335    -2.024823   0.01000724     22680.31
      7741.8     1.024127    -2.022853  0.009705676      22679.8
        7742     1.022908    -2.020871  0.009262787      22679.2
      7742.2     1.021775     -2.01907  0.008784533     22677.43
      7742.4     1.020741    -2.017413  0.008129185     22675.81
      7742.6     1.019766    -2.015825  0.007564787     22674.59
      7742.8     1.018885    -2.014368  0.007134809     22673.66
        7743     1.018043    -2.013018  0.006905088     22671.64
      7743.2     1.017213    -2.011705  0.006573834     22669.17
      7743.4     1.016345    -2.010301  0.006228388     22667.47
      7743.6     1.015596    -2.009109   0.00586226     22665.07
      7743.8     1.014932    -2.008035  0.005273582     22662.86
        7744     1.014268    -2.007015  0.005278964     22659.45
      7744.2     1.013632    -2.006082  0.004801539     22655.03
      7744.4     1.012725    -2.004885  0.004194848     22647.36
      7744.6     1.012151    -2.004194  0.003400444     22639.66
      7744.8     1.011601     -2.00366  0.001917873     22629.23
        7745     1.011097    -2.003362 0.0004228988     22615.04
      7745.2     1.010594    -2.003351 -0.001381447     22594.47
      7745.4     1.010068    -2.003855 -0.003450948     22561.67
      7745.6      1.00975    -2.004765  -0.00570912     22526.85
      7745.8       1.0095    -2.006123 -0.007798319     22484.41
        7746     1.009239    -2.007918 -0.009729277     22431.93
      7746.2     1.008971    -2.010094  -0.01047962     22370.94
      7746.4     1.008735    -2.012548  -0.01007345        22305
      7746.6     1.008489    -2.014506 -0.008472194     22249.86
      7746.8     1.008358    -2.015977 -0.005771618     22209.41
        7747     1.008353    -2.016872 -0.002942119     22185.84
      7747.2     1.008527    -2.017165 -0.0002082989     22181.45
      7747.4     1.008839     -2.01686  0.002181955     22194.77
      7747.6     1.009399    -2.016144  0.003592149     22225.37
      7747.8     1.010227    -2.015126  0.003946362     22271.55
        7748     1.011232    -2.014292  0.003444992     22319.74
      7748.2     1.012352    -2.013703  0.002245739     22366.39
      7748.4     1.013599    -2.013388 0.0009560271     22411.33
      7748.6      1.01502     -2.01333 -0.0001061213      22456.5
      7748.8      1.01683    -2.013527 -0.001142178     22509.17
        7749     1.018448    -2.013788 -0.002246449     22554.04
      7749.2     1.020206    -2.014302  -0.00384564     22598.08
      7749.4     1.022152    -2.015127 -0.006514274     22641.56
      7749.6     1.024461    -2.016603 -0.009048997     22682.83
      7749.8     1.027163    -2.018999  -0.01168963     22716.82
        7750     1.029449    -2.021541  -0.01408329     22733.45
      7750.2     1.031736    -2.024479  -0.01615555     22741.19
      7750.4     1.034173     -2.02787  -0.01841829     22743.82
      7750.6     1.036978    -2.031924  -0.01988911     22744.04
      7750.8     1.039947    -2.036275  -0.02082955      22743.1
        7751     1.042755     -2.04039    -0.021405     22742.07
      7751.2     1.045612    -2.044534   -0.0219898     22742.01
      7751.4      1.04869    -2.049048  -0.02293571     22741.15
      7751.6     1.051971    -2.053867  -0.02384737     22740.32
      7751.8     1.055275    -2.058738  -0.02448795     22739.06
        7752     1.058606    -2.063612  -0.02456074     22738.73
      7752.2     1.062034    -2.068638  -0.02441615      22738.2
      7752.4     1.065355    -2.073516  -0.02435507     22737.39
      7752.6     1.068607    -2.078271  -0.02447984        22737
      7752.8     1.071905    -2.083096    -0.025028     22736.64
        7753     1.075406    -2.088222  -0.02494627     22736.34
      7753.2     1.079029    -2.093538  -0.02460351     22735.92
      7753.4     1.082259    -2.098228  -0.02395844     22736.26
      7753.6     1.085387    -2.102778  -0.02402343     22736.25
      7753.8     1.088528    -2.107389  -0.02489046     22735.38
        7754     1.092209    -2.112757  -0.02477987     22735.76
      7754.2     1.095899    -2.118141  -0.02449901      22736.1
      7754.4     1.098969    -2.122602  -0.02338961     22736.13
      7754.6     1.101983    -2.126988  -0.02319862     22735.98
      7754.8     1.105057    -2.131469  -0.02372291     22735.71
        7755     1.108636      -2.1367  -0.02357803     22735.72
      7755.2     1.111981    -2.141581  -0.02312529     22735.67
      7755.4     1.114923     -2.14585  -0.02196958     22735.64
      7755.6     1.117763    -2.149969  -0.02160537      22735.6
      7755.8      1.12074    -2.154275  -0.02156358     22735.97
        7756     1.123899    -2.158865  -0.02145627     22736.15
      7756.2     1.126831    -2.163101  -0.02069574     22736.55
      7756.4      1.12961    -2.167134  -0.01956659     22736.35
      7756.6     1.132183    -2.170832  -0.01855093      22736.7
      7756.8     1.134724    -2.174518  -0.01736062      22736.2
        7757     1.137101    -2.177942  -0.01651081     22736.05
      7757.2     1.139242    -2.181022  -0.01530491     22735.62
      7757.4     1.141348    -2.184041  -0.01396835     22735.39
      7757.6     1.143269    -2.186762   -0.0125465     22735.55
      7757.8      1.14495    -2.189116  -0.01098817     22735.82
        7758     1.146349     -2.19106 -0.009813006     22735.76
      7758.2     1.147638    -2.192831 -0.008614467     22735.84
      7758.4     1.148941    -2.194612 -0.007432558     22736.18
      7758.6     1.150001    -2.196008  -0.00620355     22736.92
      7758.8     1.150781    -2.197006 -0.004651077     22737.14
        7759     1.151426    -2.197794 -0.003447229     22737.45
      7759.2     1.151897    -2.198333 -0.002381262     22737.48
      7759.4     1.152326    -2.198766 -0.001279344     22738.48
      7759.6     1.152544    -2.198911 -0.0001841865     22738.79
      7759.8     1.152587    -2.198817 0.0009396853      22738.5
        7760     1.152489    -2.198481  0.002173689     22738.91
      7760.2     1.152289    -2.198014  0.003288289     22738.78
      7760.4     1.151862    -2.197172  0.004248914     22739.39
      7760.6     1.151325    -2.196187  0.005307686     22739.47
      7760.8     1.150701    -2.195082  0.006254701     22739.33
        7761      1.14994    -2.193768  0.007429866     22739.18
      7761.2     1.149012    -2.192168  0.008623214     22739.82
      7761.4     1.147864    -2.190243  0.009828356     22740.32
      7761.6     1.146609    -2.188183   0.01094857      22740.2
      7761.8     1.145225    -2.185905   0.01186029     22740.63
        7762      1.14369    -2.183409   0.01261045     22740.82
      7762.2     1.142037    -2.180755   0.01348068     22740.57
      7762.4     1.140373    -2.178095   0.01477172     22740.05
      7762.6     1.138529    -2.175121    0.0157519      22740.5
      7762.8     1.136292    -2.171592   0.01667312     22740.11
        7763     1.134123    -2.168153    0.0173427     22739.95
      7763.2     1.131979    -2.164756   0.01758777     22739.75
      7763.4     1.129771    -2.161247   0.01956184     22739.88
      7763.6     1.127405    -2.157522   0.02063796     22739.51
      7763.8     1.124184    -2.152504   0.02141395     22739.17
        7764     1.121481    -2.148246   0.02198315     22739.36
      7764.2     1.118861    -2.144115   0.02129162     22739.47
      7764.4     1.116217    -2.139935   0.02297907      22739.9
      7764.6     1.113376     -2.13547   0.02382313     22740.03
      7764.8     1.109753    -2.129863   0.02446918     22739.33
        7765     1.106689    -2.125057    0.0249073     22739.56
      7765.2     1.103682     -2.12036   0.02437753     22739.28
      7765.4     1.100599    -2.115544   0.02561316     22739.08
      7765.6      1.09726    -2.110361   0.02651018     22738.49
      7765.8     1.093521    -2.104566   0.02714657     22738.02
        7766      1.09004    -2.099152   0.02753987      22737.8
      7766.2     1.086598    -2.093827    0.0272777     22736.86
      7766.4     1.083054    -2.088329   0.02747583      22736.4
      7766.6     1.079441    -2.082744   0.02778115     22735.49
      7766.8     1.075861    -2.077171   0.02830581     22735.45
        7767     1.072269    -2.071602   0.02826113     22734.94
      7767.2     1.068439    -2.065684   0.02800255      22734.2
      7767.4     1.064859    -2.060135   0.02758047     22733.61
      7767.6     1.061427    -2.054769   0.02674843     22733.95
      7767.8     1.058073    -2.049538   0.02783684     22733.89
        7768     1.054695    -2.044285    0.0277428     22733.51
      7768.2     1.050549    -2.037866   0.02742734      22733.3
      7768.4     1.047178    -2.032575   0.02692872     22734.04
      7768.6     1.044002    -2.027596   0.02517152     22734.34
      7768.8     1.040889    -2.022742   0.02612463     22733.98
        7769     1.037695    -2.017729   0.02584868      22734.5
      7769.2     1.033781    -2.011675   0.02536377     22733.93
      7769.4     1.030762    -2.006917   0.02454825      22734.6
      7769.6     1.027926    -2.002451   0.02254468     22734.92
      7769.8     1.025156     -1.99809   0.02278224     22735.15
        7770     1.022317    -1.993639   0.02235621     22735.02
      7770.2     1.019143    -1.988691   0.02165693     22734.68
      7770.4     1.016506    -1.984566    0.0208557      22734.1
      7770.6     1.014129    -1.980764   0.01933425     22735.07
      7770.8     1.011715    -1.976955   0.01867999     22734.95
        7771     1.009363    -1.973224    0.0179605     22735.19
      7771.2      1.00709    -1.969622   0.01705186     22735.17
      7771.4     1.005072    -1.966396    0.0158849     22735.39
      7771.6     1.003145    -1.963313   0.01454356     22735.46
      7771.8     1.001412    -1.960516   0.01338221     22735.66
        7772    0.9998599    -1.957987   0.01230623        22736
      7772.2    0.9984572     -1.95569   0.01172196      22736.2
      7772.4    0.9970754    -1.953468   0.01076767     22735.41
      7772.6    0.9956754    -1.951138  0.009970325     22736.43
      7772.8    0.9946261    -1.949373  0.009070761     22736.65
        7773    0.9936361    -1.947714  0.008113109     22736.51
      7773.2    0.9927445    -1.946211  0.007981871     22736.18
      7773.4    0.9918269    -1.944648  0.007477353     22736.34
      7773.6    0.9908464    -1.942988  0.007073317     22736.53
      7773.8    0.9901386    -1.941732  0.006493579     22736.89
        7774    0.9894826    -1.940553  0.005851107     22737.28
      7774.2    0.9888698    -1.939453  0.005826911     22737.36
      7774.4    0.9882241    -1.938307  0.005529517     22737.36
      7774.6    0.9875378    -1.937071  0.005277176     22738.01
      7774.8    0.9870336    -1.936129  0.005014502     22738.21
        7775    0.9865586    -1.935231  0.004598999     22738.41
      7775.2    0.9860603    -1.934295  0.004663199     22738.69
      7775.4    0.9855619    -1.933391  0.004718326     22738.24
      7775.6    0.9850195    -1.932399  0.004555839      22738.3
      7775.8    0.9845029    -1.931457  0.004590253     22738.08
        7776    0.9840742    -1.930651  0.004428069      22737.8
      7776.2     0.983571    -1.929719   0.00439186      22737.8
      7776.4     0.983122    -1.928856   0.00447242     22738.11
      7776.6    0.9826191    -1.927943  0.004479247     22737.71
      7776.8    0.9821581    -1.927073  0.004439238     22737.77
        7777    0.9816321    -1.926136   0.00432325     22737.12
      7777.2    0.9811908    -1.925305  0.004258457     22736.97
      7777.4    0.9807588    -1.924485  0.004162773     22736.89
      7777.6    0.9803395    -1.923666  0.004333528     22737.21
      7777.8    0.9799134    -1.922806  0.004278364     22738.23
        7778    0.9793654    -1.921838  0.004158125     22737.52
      7778.2    0.9789593    -1.921062   0.00395559     22737.32
      7778.4    0.9785899    -1.920339  0.003681925     22737.17
      7778.6    0.9782494    -1.919641  0.003664418     22737.45
      7778.8    0.9778686    -1.918892  0.003528579      22737.5
        7779    0.9774699     -1.91813   0.00335745     22737.24
      7779.2    0.9771823    -1.917517  0.003017312     22737.41
      7779.4    0.9769312    -1.916955  0.002677618     22737.65
      7779.6    0.9767483    -1.916479   0.00248551     22738.29
      7779.8    0.9765309    -1.915988  0.002192126     22738.07
        7780    0.9763451    -1.915528  0.001912153     22738.24
      7780.2    0.9762464    -1.915201  0.001474057     22738.37
      7780.4     0.976201    -1.914949   0.00102054     22738.64
      7780.6    0.9762253    -1.914809 0.0005952241     22738.74
      7780.8    0.9762767    -1.914712 7.865328e-05      22738.8
        7781    0.9764088    -1.914725 -0.0003894689     22739.11
      7781.2    0.9766439    -1.914886 -0.0009165924     22739.61
      7781.4    0.9769116    -1.915121 -0.001412807     22739.55
      7781.6    0.9772518    -1.915445 -0.001785672     22739.93
      7781.8    0.9776508    -1.915856 -0.002223559     22740.37
        7782    0.9780846    -1.916314 -0.002678134     22740.91
      7782.2     0.978596    -1.916899 -0.003025652     22741.24
      7782.4    0.9791802    -1.917587 -0.003383368     22741.72
      7782.6    0.9797607    -1.918276  -0.00365637     22742.07
      7782.8    0.9803819    -1.919021 -0.003974006     22742.52
        7783    0.9810351    -1.919825 -0.004624747     22742.76
      7783.2    0.9817792    -1.920767 -0.004937583     22742.95
      7783.4    0.9827075    -1.921976 -0.005138317     22743.39
      7783.6    0.9834876    -1.922971 -0.005298304     22743.61
      7783.8    0.9842286    -1.923935 -0.005241155     22743.21
        7784    0.9850584    -1.925005 -0.005775674     22743.44
      7784.2     0.985954    -1.926169 -0.006076097      22743.8
      7784.4    0.9870153    -1.927592    -0.006174     22743.94
      7784.6    0.9879344    -1.928796 -0.006302607     22744.18
      7784.8     0.988815    -1.929945 -0.006258621     22744.37
        7785     0.989761    -1.931211 -0.006588801     22744.12
      7785.2    0.9907823    -1.932599 -0.006958982      22743.7
      7785.4    0.9918733    -1.934067 -0.007180556     22743.83
      7785.6    0.9929494    -1.935512 -0.007307152     22743.99
      7785.8    0.9940341    -1.936955 -0.007398222     22744.46
        7786    0.9951538    -1.938444 -0.007539319     22745.11
      7786.2    0.9962904    -1.939986 -0.007735261     22745.15
      7786.4    0.9974504    -1.941543 -0.007992464     22745.61
      7786.6    0.9986225    -1.943144 -0.008100548     22745.53
      7786.8    0.9998514    -1.944838 -0.008245828     22745.25
        7787     1.001047    -1.946466  -0.00829861     22745.35
      7787.2     1.002267     -1.94814 -0.008393715     22745.24
      7787.4     1.003464    -1.949782 -0.008944133     22745.03
      7787.6     1.004745    -1.951553 -0.009054672     22744.81
      7787.8     1.006209    -1.953621  -0.00924675     22744.12
        7788     1.007498    -1.955384 -0.009289369     22744.37
      7788.2     1.008812     -1.95718 -0.009238486     22744.69
      7788.4     1.010123    -1.958985  -0.01010527     22744.71
      7788.6     1.011599    -1.961012  -0.01031796     22745.34
      7788.8     1.013335    -1.963468  -0.01054441     22745.14
        7789     1.014761    -1.965434  -0.01055277     22745.44
      7789.2      1.01621     -1.96742  -0.01021534     22746.07
      7789.4     1.017674    -1.969454   -0.0108388     22746.13
      7789.6      1.01924     -1.97164  -0.01107142     22746.26
      7789.8     1.020993    -1.974105  -0.01113821     22746.43
        7790      1.02258    -1.976278  -0.01111818     22747.59
      7790.2      1.02406    -1.978365  -0.01082511     22746.97
      7790.4     1.025631    -1.980535  -0.01086829     22747.63
      7790.6     1.027212    -1.982765  -0.01081589     22747.22
      7790.8     1.028791    -1.984972   -0.0105976      22747.3
        7791     1.030263    -1.987018  -0.01017904      22747.4
      7791.2     1.031707    -1.989013 -0.009564288     22747.64
      7791.4     1.033095    -1.990909 -0.009048182     22748.26
      7791.6     1.034348    -1.992624  -0.00853084     22748.33
      7791.8     1.035537    -1.994256 -0.008337304     22748.09
        7792     1.036699    -1.995837 -0.007830959     22748.06
      7792.2     1.037973    -1.997578 -0.007326279     22748.26
      7792.4     1.038956    -1.998888  -0.00686251     22748.28
      7792.6     1.039876    -2.000117 -0.006218476     22747.99
      7792.8     1.040814    -2.001327 -0.006321221     22748.73
        7793     1.041758    -2.002553 -0.006096122      22749.3
      7793.2      1.04281    -2.003945 -0.005875428     22749.83
      7793.4     1.043639    -2.004994  -0.00558804     22750.49
      7793.6     1.044431    -2.006028 -0.005216385     22750.23
      7793.8     1.045216    -2.007024 -0.005498667     22750.58
        7794     1.046069    -2.008118 -0.005508768     22751.06
      7794.2     1.047052    -2.009393 -0.005514906     22751.85
      7794.4     1.047846    -2.010435 -0.005525426      22751.5
      7794.6     1.048637    -2.011436 -0.005488171     22751.93
      7794.8     1.049486    -2.012539 -0.005869778     22752.04
        7795     1.050435    -2.013784 -0.006283813     22752.39
      7795.2     1.051427    -2.015131 -0.006636532     22751.88
      7795.4      1.05244    -2.016463  -0.00693149     22752.41
      7795.6     1.053456    -2.017848 -0.007208084     22751.84
      7795.8     1.054565    -2.019329 -0.007559713     22752.31
        7796     1.055716    -2.020897  -0.00793033     22752.21
      7796.2      1.05689     -2.02251 -0.008448162     22751.87
      7796.4     1.058137    -2.024192 -0.008843522     22752.47
      7796.6     1.059485    -2.026087 -0.009130847     22751.71
      7796.8     1.060871    -2.027972 -0.009404797      22752.5
        7797     1.062209    -2.029815 -0.009569327     22752.55
      7797.2     1.063585    -2.031716   -0.0104124     22752.61
      7797.4      1.06505    -2.033743  -0.01086945     22752.88
      7797.6     1.066841    -2.036302  -0.01116553     22752.23
      7797.8     1.068414    -2.038511  -0.01140823     22752.03
        7798     1.069951    -2.040649  -0.01121162     22752.23
      7798.2      1.07154    -2.042869  -0.01222109     22752.33
      7798.4     1.073262    -2.045271  -0.01263744     22752.87
      7798.6     1.075384    -2.048287  -0.01291656     22753.17
      7798.8     1.077133    -2.050758  -0.01311067     22753.05
        7799     1.078877    -2.053203  -0.01287323      22753.4
      7799.2     1.080684     -2.05576  -0.01386218     22753.32
      7799.4     1.082673    -2.058586  -0.01444498     22753.36
      7799.6     1.084969    -2.061848  -0.01490625     22754.05
      7799.8     1.087014    -2.064759   -0.0152373     22754.11
        7800     1.089053    -2.067685  -0.01526182     22753.59
      7800.2     1.091213    -2.070776  -0.01585899     22753.51
      7800.4     1.093494    -2.074058  -0.01641019     22753.24
      7800.6      1.09586    -2.077446  -0.01678306     22753.45
      7800.8     1.098204    -2.080813  -0.01692045     22753.37
        7801     1.100579    -2.084202  -0.01685557     22753.86
      7801.2     1.102936    -2.087594  -0.01666482     22753.68
      7801.4     1.105268     -2.09093  -0.01662516     22753.93
      7801.6     1.107521    -2.094145  -0.01709497     22754.19
      7801.8     1.109868    -2.097502  -0.01704885     22754.43
        7802      1.11247     -2.10127  -0.01699119     22754.14
      7802.2     1.114792    -2.104569  -0.01669137     22754.84
      7802.4     1.117005    -2.107738  -0.01603191      22754.8
      7802.6     1.119184    -2.110856   -0.0170081     22754.73
      7802.8     1.121449    -2.114096  -0.01701347     22754.86
        7803     1.124275    -2.118176  -0.01692123     22755.09
      7803.2     1.126503    -2.121348  -0.01662422     22755.48
      7803.4     1.128635    -2.124393  -0.01550395      22755.5
      7803.6     1.130753    -2.127395  -0.01621993     22755.94
      7803.8     1.132981    -2.130579  -0.01618304     22756.05
        7804      1.13561    -2.134324  -0.01595898     22757.18
      7804.2     1.137726    -2.137339  -0.01550279      22757.3
      7804.4     1.139723    -2.140162   -0.0143974     22757.68
      7804.6     1.141715    -2.142981  -0.01451289        22758
      7804.8     1.143732    -2.145842  -0.01440287     22758.21
        7805     1.145897    -2.148949  -0.01412012      22757.9
      7805.2     1.147844    -2.151684   -0.0136513     22758.57
      7805.4     1.149678    -2.154277  -0.01278816      22758.6
      7805.6      1.15145    -2.156763  -0.01213833     22758.95
      7805.8     1.153188     -2.15918  -0.01144344     22759.68
        7806     1.154759    -2.161395  -0.01084947     22759.26
      7806.2      1.15622    -2.163432 -0.009943745     22759.13
      7806.4     1.157663    -2.165443 -0.009076775     22758.99
      7806.6     1.158902    -2.167135  -0.00812537      22759.1
      7806.8      1.16002    -2.168656 -0.007001968     22758.92
        7807     1.160969    -2.169932 -0.006374761     22758.51
      7807.2     1.161768    -2.171044 -0.005492239     22756.72
      7807.4     1.162689    -2.172235 -0.004666586     22757.31
      7807.6     1.163333     -2.17305 -0.003864459     22756.91
      7807.8     1.163876    -2.173666 -0.002659322     22757.58
        7808     1.164286    -2.174136 -0.001810428     22757.01
      7808.2     1.164577    -2.174362 -0.0009463105     22757.89
      7808.4     1.164775    -2.174499 -5.51532e-05     22757.63
      7808.6     1.164834    -2.174423 0.0007184636     22757.45
      7808.8     1.164802     -2.17418  0.001524197     22757.89
        7809      1.16465    -2.173787  0.002542768     22757.64
      7809.2     1.164433    -2.173279  0.003474135     22757.79
      7809.4     1.163959    -2.172389  0.004334255     22757.84
      7809.6     1.163445    -2.171401  0.005273607      22758.7
      7809.8     1.162841     -2.17032  0.006076418     22758.57
        7810     1.162122     -2.16906   0.00690062     22758.61
      7810.2     1.161224    -2.167527    0.0077851     22758.69
      7810.4     1.160247     -2.16588  0.008576358     22758.65
      7810.6     1.159184    -2.164092  0.009112488     22758.87
      7810.8     1.158055    -2.162199  0.009538603     22759.19
        7811     1.156874    -2.160237  0.009887595     22759.33
      7811.2     1.155675    -2.158249   0.01008058     22759.43
      7811.4     1.154413    -2.156182   0.01064213     22759.18
      7811.6     1.153156    -2.154135   0.01104238     22758.62
      7811.8     1.151672    -2.151724   0.01106518     22758.54
        7812     1.150281    -2.149416   0.01116949     22759.33
      7812.2     1.149009     -2.14733     0.010902     22759.16
      7812.4     1.147686    -2.145199   0.01141986     22758.26
      7812.6     1.146375    -2.143002    0.0119127     22759.25
      7812.8     1.144715     -2.14028   0.01196438     22760.22
        7813     1.143186    -2.137799   0.01194453     22760.16
      7813.2      1.14187    -2.135628   0.01147064     22760.42
      7813.4     1.140561    -2.133446   0.01180599     22761.15
      7813.6      1.13914    -2.131103   0.01227615      22761.7
      7813.8     1.137434    -2.128355   0.01249977     22761.67
        7814      1.13589    -2.125807   0.01244447     22762.64
      7814.2     1.134449    -2.123447    0.0121554      22762.9
      7814.4     1.133061    -2.121148   0.01242225     22763.58
      7814.6     1.131513     -2.11863    0.0127972     22763.72
      7814.8     1.129801    -2.115869   0.01320049     22763.78
        7815     1.128151    -2.113209    0.0132986     22763.68
      7815.2     1.126517    -2.110587    0.0132759     22763.27
      7815.4     1.124921    -2.107991    0.0133405     22763.55
      7815.6     1.123237    -2.105248   0.01353047     22764.15
      7815.8     1.121549    -2.102536   0.01390462     22763.94
        7816     1.119806    -2.099763   0.01423236     22763.23
      7816.2     1.118014    -2.096868   0.01442825     22763.59
      7816.4     1.116135    -2.093862   0.01436513     22763.48
      7816.6     1.114332    -2.090994   0.01423325     22762.87
      7816.8      1.11265    -2.088271   0.01453608     22763.08
        7817     1.110924    -2.085481   0.01510194     22763.32
      7817.2      1.10889    -2.082234   0.01531079     22763.39
      7817.4     1.106827    -2.078912   0.01545096     22764.15
      7817.6     1.105029    -2.076022   0.01501284     22764.18
      7817.8     1.103238     -2.07312   0.01528775     22764.73
        7818      1.10144    -2.070223   0.01604802     22764.93
      7818.2     1.099205    -2.066682   0.01623872      22764.8
      7818.4      1.09701    -2.063184   0.01630394     22765.03
      7818.6     1.095092    -2.060129   0.01583678     22764.71
      7818.8     1.093239     -2.05718   0.01600762      22764.2
        7819     1.091284    -2.054013   0.01661798     22765.17
      7819.2     1.089021    -2.050378   0.01708429     22766.16
      7819.4     1.086816    -2.046835   0.01714501     22767.06
      7819.6     1.084731    -2.043513   0.01698689     22767.09
      7819.8     1.082731    -2.040297   0.01716721     22767.59
        7820     1.080531    -2.036788   0.01749318      22767.9
      7820.2     1.078245    -2.033101   0.01787231     22769.31
      7820.4      1.07597    -2.029518   0.01778414     22768.73
      7820.6     1.073763    -2.025999   0.01746568     22769.04
      7820.8       1.0716    -2.022561   0.01698991     22769.03
        7821     1.069477    -2.019129     0.016589     22770.23
      7821.2     1.067483    -2.015926   0.01648385     22770.62
      7821.4     1.065471    -2.012728   0.01664227     22770.32
      7821.6     1.063367    -2.009374   0.01636083     22770.44
      7821.8     1.061152    -2.005815   0.01607676     22771.34
        7822     1.059309    -2.002838   0.01558233     22771.81
      7822.2     1.057454    -1.999866   0.01518354     22771.75
      7822.4     1.055636    -1.996908   0.01612248     22772.65
      7822.6     1.053624    -1.993668   0.01601244     22773.29
      7822.8     1.051282     -1.98994    0.0157236     22773.73
        7823     1.049513    -1.987056   0.01534687     22774.59
      7823.2     1.047818    -1.984329   0.01474637     22774.44
      7823.4     1.046011    -1.981391   0.01547528     22775.25
      7823.6     1.043984    -1.978142   0.01583572     22775.58
      7823.8     1.041818    -1.974676   0.01557477     22776.07
        7824     1.039947     -1.97166   0.01526727     22776.46
      7824.2     1.038238    -1.968931   0.01493299     22775.91
      7824.4     1.036361    -1.965929   0.01528851      22775.8
      7824.6     1.034359     -1.96273   0.01576706     22775.83
      7824.8     1.032296    -1.959429   0.01583003     22776.11
        7825     1.030365    -1.956317   0.01580526     22776.61
      7825.2     1.028472    -1.953265   0.01563965     22777.08
      7825.4     1.026501    -1.950085   0.01561155     22777.75
      7825.6     1.024525    -1.946918   0.01573064     22777.97
      7825.8     1.022618    -1.943828   0.01579353     22778.79
        7826      1.02066     -1.94068   0.01556766     22779.19
      7826.2     1.018637    -1.937451    0.0152858     22779.21
      7826.4     1.016788    -1.934464   0.01485991     22779.71
      7826.6     1.014991    -1.931599   0.01419424      22779.2
      7826.8     1.013247    -1.928792   0.01458148     22779.19
        7827     1.011555    -1.926095   0.01423102     22778.46
      7827.2     1.009438    -1.922798   0.01360116      22776.8
      7827.4      1.00773    -1.920214   0.01293434     22772.99
      7827.6     1.006154    -1.917911    0.0112123     22767.35
      7827.8     1.004579    -1.915748   0.01055647     22758.59
        7828     1.003037    -1.913829  0.009273307     22745.45
      7828.2     1.001111    -1.911769  0.007972281     22722.42
      7828.4    0.9996012    -1.910493  0.006885793     22695.93
      7828.6    0.9981162     -1.90937  0.005842435     22666.87
      7828.8    0.9965898     -1.90832  0.006497228     22634.81
        7829    0.9949425    -1.907095  0.007679082     22602.63
      7829.2    0.9929326    -1.905295  0.009391101     22571.12
      7829.4    0.9912021    -1.903227   0.01149131     22555.06
      7829.6    0.9895883    -1.900807   0.01355752     22550.79
      7829.8    0.9879668    -1.897902   0.01569953     22557.09
        7830    0.9863019    -1.894449   0.01715051      22574.2
      7830.2    0.9846967    -1.890667   0.01792922     22600.67
      7830.4    0.9833113    -1.887087   0.01774916     22630.11
      7830.6    0.9819718    -1.883559   0.01668126     22659.95
      7830.8    0.9806758    -1.880249   0.01541209      22686.4
        7831     0.979513    -1.877322    0.0139803     22708.82
      7831.2    0.9784501    -1.874757   0.01280795     22726.49
      7831.4    0.9773812    -1.872375    0.0115995     22739.86
      7831.6     0.976233    -1.870003   0.01048488     22750.29
      7831.8    0.9752324    -1.868042   0.00933002     22756.49
        7832    0.9743663    -1.866369  0.008207465     22760.78
      7832.2    0.9735807    -1.864911  0.007911067     22762.98
      7832.4    0.9727574    -1.863437  0.007490958     22764.23
      7832.6    0.9717922    -1.861714  0.007075596     22766.29
      7832.8     0.971064    -1.860376  0.006462636      22767.7
        7833    0.9704635     -1.85925  0.005628955      22768.7
      7833.2    0.9699555    -1.858267  0.005372114     22769.62
      7833.4    0.9693906     -1.85721  0.005049753     22770.27
      7833.6    0.9687666    -1.856079   0.00471016     22770.59
      7833.8    0.9683177     -1.85521  0.004162431     22770.93
        7834    0.9679707    -1.854499  0.003468026     22771.21
      7834.2    0.9676832     -1.85388  0.003042246     22771.41
      7834.4    0.9674243    -1.853304  0.002623391     22771.63
      7834.6     0.967199    -1.852777  0.002176934      22771.9
      7834.8    0.9670684      -1.8524  0.001646441     22771.98
        7835    0.9670177    -1.852139  0.001135392     22772.19
      7835.2    0.9670276    -1.851987 0.0005779876     22771.99
      7835.4    0.9670775    -1.851868  0.000147709     22772.41
      7835.6    0.9672219    -1.851938 -0.0002712789     22771.79
      7835.8    0.9674202    -1.852021 -0.0008098347     22772.71
        7836    0.9676523    -1.852204 -0.001106159     22772.51
      7836.2    0.9679752    -1.852516 -0.001526237      22772.5
      7836.4     0.968277    -1.852823  -0.00181875     22771.89
      7836.6    0.9686844    -1.853242  -0.00207723     22772.35
      7836.8    0.9690933    -1.853659 -0.002431303     22772.89
        7837    0.9695529    -1.854178 -0.002621728     22772.87
      7837.2    0.9700542    -1.854768 -0.002816278     22772.66
      7837.4     0.970571    -1.855339 -0.002933596      22773.4
      7837.6     0.971093    -1.855912 -0.003121644     22774.28
      7837.8    0.9716285    -1.856525 -0.003390493     22774.73
        7838    0.9722475    -1.857265  -0.00353824     22775.13
      7838.2    0.9729064    -1.858052 -0.003569052     22775.86
      7838.4    0.9735109    -1.858743 -0.003539783     22776.88
      7838.6     0.974059     -1.85938 -0.003560326      22777.2
      7838.8    0.9746571    -1.860097 -0.003758653     22777.42
        7839    0.9753209      -1.8609 -0.003926954     22777.94
      7839.2    0.9760253     -1.86175 -0.003911329     22778.78
      7839.4    0.9766576    -1.862522 -0.003912604     22778.93
      7839.6    0.9772691    -1.863226 -0.003901069     22779.89
      7839.8     0.977934     -1.86403 -0.003916342     22780.42
        7840     0.978613    -1.864871 -0.003964706     22780.61
      7840.2    0.9792485    -1.865655 -0.003871913     22780.58
      7840.4    0.9798715    -1.866398 -0.003721344     22781.06
      7840.6    0.9804847    -1.867127 -0.003568606      22781.5
      7840.8    0.9810851    -1.867848 -0.003424276     22781.73
        7841    0.9816537     -1.86851 -0.003256992     22782.18
      7841.2    0.9821969    -1.869137  -0.00317247     22782.55
      7841.4     0.982739    -1.869733 -0.003088769     22783.59
      7841.6     0.983286    -1.870386 -0.002897714     22783.52
      7841.8    0.9838093    -1.870981 -0.002781974     22783.94
        7842    0.9842297    -1.871455 -0.002614176     22783.57
      7842.2    0.9846742    -1.871959 -0.002571748     22783.38
      7842.4    0.9851307    -1.872477 -0.002570588     22783.26
      7842.6     0.985611    -1.873038 -0.002433155     22782.98
      7842.8    0.9860592    -1.873512 -0.002296775     22783.58
        7843    0.9864452    -1.873905 -0.002073643     22783.87
      7843.2     0.986838    -1.874314 -0.002071469     22784.04
      7843.4    0.9872125    -1.874697 -0.002103385     22784.18
      7843.6    0.9876563    -1.875169  -0.00202529     22784.67
      7843.8    0.9880648    -1.875588 -0.002047323     22785.15
        7844    0.9884121    -1.875935 -0.001964969     22785.18
      7844.2    0.9887989    -1.876335 -0.001946017     22785.34
      7844.4    0.9892114    -1.876741 -0.002020482     22786.25
      7844.6    0.9896192    -1.877145 -0.001984058     22787.05
      7844.8     0.990019    -1.877551 -0.001961124     22787.52
        7845    0.9903805    -1.877922 -0.001952054     22787.48
      7845.2    0.9907495     -1.87831 -0.001914979     22787.31
      7845.4    0.9911236    -1.878706 -0.001972642     22787.13
      7845.6    0.9915096    -1.879083 -0.002103102      22787.8
      7845.8     0.991883      -1.8795 -0.002207111     22787.12
        7846    0.9923243    -1.879992 -0.002283907     22787.06
      7846.2    0.9927577    -1.880472 -0.002333276     22787.02
      7846.4    0.9931621     -1.88091 -0.002286603     22786.92
      7846.6    0.9935704    -1.881367 -0.002343636     22786.55
      7846.8     0.994006    -1.881822 -0.002424632     22787.13
        7847     0.994458    -1.882347 -0.002444099     22786.69
      7847.2    0.9949032     -1.88285 -0.002435017     22786.53
      7847.4    0.9953273    -1.883322 -0.002385218     22786.33
      7847.6    0.9957388     -1.88377 -0.002490244     22786.26
      7847.8    0.9961656    -1.884255 -0.002574136     22785.86
        7848     0.996666    -1.884842 -0.002672275     22785.68
      7848.2    0.9971594    -1.885381 -0.002667384     22786.32
      7848.4    0.9976261    -1.885907 -0.002499194     22786.36
      7848.6    0.9980543    -1.886389 -0.002613077      22786.1
      7848.8     0.998486    -1.886841  -0.00266107     22786.61
        7849    0.9990245    -1.887472 -0.002719553     22786.74
      7849.2    0.9995062    -1.888036 -0.002776294     22786.42
      7849.4    0.9999915    -1.888565 -0.002770358     22787.03
      7849.6     1.000483    -1.889114 -0.002815248     22787.37
      7849.8     1.000974    -1.889664 -0.002860139     22787.71
        7850     1.001465    -1.890213  -0.00290503     22788.05
        7852     1.006386     -1.89574 -0.003831952     22791.05
        7854     1.011784    -1.902162 -0.005378942     22790.06
        7856     1.019144    -1.914795 -0.006244877     22716.09
        7858     1.029574    -1.933245 -0.008180389     22615.44
        7860     1.043252    -1.945699 -0.009589219     22759.45
        7862     1.059481    -1.967605  -0.01040767     22777.81
        7864     1.076527    -1.991508  -0.01184179      22778.9
        7866     1.094283    -2.016506  -0.01176479     22779.46
        7868     1.111381    -2.040433  -0.01091054     22781.71
        7870     1.126751    -2.061723 -0.009141464      22784.6
        7872     1.139295    -2.078793 -0.006655666     22786.45
        7874     1.147641    -2.089638  -0.00343093     22785.77
        7876     1.151459    -2.093678 0.0004348581     22784.39
        7878      1.14963    -2.089171  0.004595336     22783.55
        7880     1.141689    -2.075314   0.00869387     22785.46
        7882     1.128061    -2.052875   0.01244653     22787.36
        7884     1.110184    -2.024128   0.01524899     22786.86
        7886     1.088285    -1.989598   0.01714635     22779.81
        7888      1.06396    -1.953322   0.01886246     22729.67
        7890     1.038044    -1.915704   0.01942202      22655.7
        7892      1.01218    -1.873228   0.01877013     22692.71
        7894      0.98932    -1.834222   0.01664817     22753.63
        7896     0.970449    -1.803161   0.01251716     22771.29
        7898    0.9580515    -1.782519  0.007533723     22774.29
        7900    0.9529969    -1.773091  0.002580177      22774.3
        7902    0.9547406    -1.773953 -0.001625329      22773.6
        7904    0.9616906    -1.782519 -0.004577645     22776.33
        7906    0.9716018    -1.795522 -0.006148902     22779.78
        7908    0.9822744    -1.809712 -0.006548565     22782.33
        7910     0.992368    -1.823144 -0.006017823     22782.25
        7912     1.001303    -1.834908 -0.004962785      22780.3
        7914     1.008258    -1.843664 -0.003651938     22778.76
        7916     1.013311    -1.849414 -0.002268521     22780.27
        7918     1.016458    -1.852359 -0.001075985     22780.14
        7920     1.018163    -1.853056 -0.0001511612     22781.57
        7922     1.018911    -1.852272 0.0004824524     22783.79
        7924     1.019034    -1.850623  0.000862551     22784.22
        7926     1.018776      -1.8485  0.001072517     22782.37
        7928     1.018381    -1.846156  0.001173218     22780.79
        7930      1.01789    -1.843692  0.001151824     22778.62
        7932     1.017408    -1.841238 0.0008936478      22776.5
        7934     1.017226    -1.839285 -0.0005098238     22773.27
        7936     1.017593    -1.839007 -0.002062247     22750.96
        7938     1.018798    -1.847771 -0.0005507555     22555.49
        7940     1.021268    -1.857736 -0.001699305     22376.68
        7942     1.026269    -1.843691 -0.001953666      22817.1
        7944      1.03338    -1.852601 -0.002100595     22816.97
        7946     1.041739      -1.8634 -0.005142007     22816.68
        7948     1.050428     -1.87454 -0.005205372     22819.89
        7950     1.058507    -1.884827 -0.004793138     22821.59
        7952     1.065876    -1.894244 -0.004028298     22818.66
        7954     1.072026    -1.901745 -0.002932544     22817.45
        7956      1.07657    -1.906767 -0.001397173     22817.45
        7958     1.078826    -1.908288 0.0004564086     22818.47
        7960     1.078165    -1.905421  0.002496009     22819.14
        7962      1.07452    -1.898094  0.004542448     22818.83
        7964     1.068261    -1.886799  0.006395484     22818.98
        7966     1.059625    -1.871948  0.007801141     22818.38
        7968     1.049101    -1.854257  0.008722639     22817.56
        7970     1.038067    -1.835685   0.00899914     22819.21
        7972     1.026993    -1.817018  0.008557134     22821.62
        7974     1.017011    -1.799955  0.007666594     22824.97
        7976     1.008965      -1.7858  0.006427801     22828.64
        7978      1.00264    -1.774352  0.005179163     22829.79
        7980     0.998062    -1.765595  0.004180146     22829.68
        7982    0.9945934    -1.758521  0.003383821     22829.33
        7984    0.9916986    -1.752359  0.002685461     22827.94
        7986    0.9892762    -1.747281  0.002201698     22818.12
        7988    0.9867346    -1.744111  0.002490401     22761.21
        7990    0.9838883    -1.740908  0.002925126     22694.73
        7992    0.9811145    -1.732436  0.003181928     22749.33
        7994    0.9785718     -1.72388  0.003224287     22813.74
        7996    0.9766619    -1.718656  0.002350245     22824.56
        7998    0.9756911    -1.715114  0.001223939     22829.37
        8000    0.9760043    -1.713634 0.0003345218     22831.33
        8002     0.977505    -1.714089 -0.0004560588     22830.05
        8004     0.980049     -1.71598 -0.001039412     22831.86
        8006    0.9831187    -1.718762 -0.001361601     22831.43
        8008    0.9864356    -1.721949 -0.001486225     22830.25
        8010    0.9897013    -1.724981 -0.001483357      22830.8
        8012    0.9928262     -1.72787 -0.001382991     22829.77
        8014    0.9958526    -1.730629  -0.00126781     22828.27
        8016    0.9986957    -1.733013 -0.001128617     22828.95
        8018     1.001389    -1.735124 -0.0009240144     22830.67
        8020     1.003829    -1.736899 -0.0006891619     22831.33
        8022     1.005857    -1.738021 -0.0004600857     22832.66
        8024      1.00753    -1.738527 -0.0002961485     22835.77
        8026     1.009003    -1.738805 -0.0002635043     22837.17
        8028     1.010516    -1.739268 -0.0003768732     22835.71
        8030     1.012322    -1.740129 -0.0005883554     22835.24
        8032     1.014547    -1.741542 -0.0008022999     22836.58
        8034     1.017114    -1.743512 -0.0009233998     22836.95
        8036     1.019788    -1.745686 -0.0009027925     22836.29
        8038     1.022239    -1.747516 -0.0007198038     22835.78
        8040     1.024298    -1.748764 -0.0004103719     22835.07
        8042     1.025855     -1.74927 -4.644276e-05     22833.93
        8044     1.026842    -1.748969 0.0002927005     22831.57
        8046     1.027269    -1.747888 0.0004321701     22827.74
        8048     1.027239    -1.746422 -0.0009889679     22816.92
        8050     1.026773    -1.745813 -0.002414474     22771.98
        8052     1.025865    -1.756881  0.001774149     22454.11
        8054     1.023498    -1.767204  0.003406167     22105.15
        8056     1.019822    -1.732229  0.005676773     22713.44
        8058     1.017421    -1.718563  0.007891468     22896.94
        8060     1.013908    -1.711467  0.004402277     22894.41
        8062     1.010165    -1.704072  0.003498255     22890.75
        8064     1.006676    -1.697011  0.003295821      22888.2
        8066     1.003637    -1.690577  0.002945218     22886.76
        8068      1.00123      -1.6851  0.002527649     22885.25
        8070    0.9994437     -1.68051  0.002096852     22884.84
        8072    0.9982371     -1.67679  0.001766446     22884.52
        8074    0.9975471    -1.673802  0.001573096     22885.22
        8076    0.9968721    -1.670969  0.001568917     22882.93
        8078    0.9959807    -1.667925  0.001792888     22877.95
        8080    0.9946602    -1.664238   0.00211652     22872.86
        8082    0.9926344    -1.659459  0.002419043     22868.36
        8084    0.9901489    -1.654036  0.002600847      22862.7
        8086    0.9875682    -1.648573  0.002469982     22854.68
        8088    0.9850934    -1.643432  0.001108258     22842.96
        8090    0.9831509    -1.639699 -0.001300922     22817.52
        8092    0.9822763     -1.64517 -0.0001016937     22622.72
        8094    0.9812374     -1.65898  0.002257817     22236.98
        8096    0.9784134    -1.644245  0.003169415     22428.27
        8098    0.9793776    -1.621637  0.005094832      22922.9
        8100    0.9792004    -1.619815  0.003439073     22914.33
        8102    0.9792171    -1.618222 0.0007669113     22907.18
        8104     0.979412    -1.616733 0.0006736609     22903.74
        8106    0.9797876    -1.615502 0.0005916391      22900.6
        8108    0.9802795    -1.614426 0.0004926344      22897.9
        8110    0.9808897    -1.613489 0.0003815019     22896.07
        8112    0.9816639    -1.612791 0.0002415261     22894.38
        8114    0.9826339     -1.61245 8.603384e-05      22891.3
        8116    0.9838869    -1.612494 -6.658923e-05     22889.14
        8118    0.9853869      -1.6128 -0.000200112     22889.43
        8120    0.9871065    -1.613324 -0.0002902878     22892.28
        8122    0.9888922     -1.61405 -0.0003327291     22892.79
        8124    0.9906756    -1.614816 -0.0003382971     22892.29
        8126    0.9923979    -1.615462 -0.0002809683     22892.37
        8128    0.9940414    -1.616031 -0.0001579313     22891.49
        8130    0.9954766    -1.616298 -1.145354e-05     22890.28
        8132    0.9966276    -1.616079 0.0001448332     22890.34
        8134    0.9975676    -1.615554 0.0002723886      22890.1
        8136    0.9983256    -1.614872 0.0003442472     22887.15
        8138    0.9990368    -1.614119 0.0003816212     22884.17
        8140    0.9997495    -1.613325 0.0003811579     22882.15
        8142     1.000528    -1.612501 0.0003816844     22883.03
        8144     1.001352    -1.611823 0.0004154405     22882.13
        8146      1.00211    -1.611066 0.0004923042     22880.74
        8148      1.00275    -1.610002 0.0006419232     22882.24
        8150     1.003134    -1.608562 0.0008572212     22883.43
        8152     1.003139    -1.606687   0.00112005     22881.56
        8154     1.002791    -1.604208  0.001405799     22881.23
        8156      1.00207    -1.601041  0.001658693      22883.7
        8158     1.001001    -1.597316  0.001842659     22886.88
        8160    0.9997756    -1.593418    0.0019512     22888.64
        8162    0.9984401    -1.589467  0.001975755     22887.78
        8164    0.9970536    -1.585432  0.001956246     22887.04
        8166    0.9957811     -1.58151  0.001901211     22887.61
        8168    0.9946095    -1.577768  0.001804168     22887.54
        8170    0.9935961    -1.574257  0.001671948      22887.6
        8172    0.9927468    -1.570998  0.001517102     22887.52
        8174    0.9921269    -1.568134  0.001369687     22886.32
        8176    0.9917706    -1.565631  0.001208965     22885.94
        8178    0.9915259    -1.563299    0.0010956     22885.44
        8180    0.9914799    -1.561327  0.001049854     22883.58
        8182    0.9914728     -1.55937  0.001007966     22882.67
        8184    0.9914188    -1.557232  0.001036167     22884.21
        8186    0.9913472    -1.555236  0.001115008     22881.92
        8188      0.99115    -1.553037  0.001182544     22879.88
        8190    0.9908105     -1.55045   0.00128449     22881.77
        8192    0.9904355    -1.547772  0.001377659     22884.46
        8194    0.9898924     -1.54496   0.00143001     22884.41
        8196    0.9893019    -1.542016  0.001500116     22885.68
        8198    0.9886615    -1.539009  0.001531761     22886.66
        8200    0.9878684    -1.535771  0.001547682     22887.63
        8202    0.9871407    -1.532706  0.001562472     22886.88
        8204    0.9864657    -1.529635  0.001510419     22888.04
        8206    0.9857777     -1.52651  0.001464267     22889.94
        8208    0.9852793    -1.523687  0.001417791     22891.43
        8210     0.984842    -1.520992  0.001369575     22892.13
        8212    0.9843352    -1.518292  0.001391165     22890.49
        8214    0.9838248    -1.515553  0.001422528     22889.61
        8216    0.9832145    -1.512558  0.001432332     22891.07
        8218    0.9826414    -1.509611  0.001426474     22892.69
        8220    0.9821705    -1.506834  0.001351382     22893.93
        8222    0.9817575    -1.504141  0.001242669      22895.2
        8224    0.9815023    -1.501747  0.001138207     22895.07
        8226    0.9814038     -1.49967  0.001007757     22893.09
        8228    0.9814102    -1.497728 0.0008861197      22891.6
        8230    0.9816626    -1.496079 0.0007828807     22891.85
        8232    0.9820714    -1.494658 0.0006781361     22892.26
        8234    0.9825493    -1.493407 0.0006070328     22891.16
        8236    0.9831705    -1.492303 0.0005363513     22891.59
        8238    0.9838583    -1.491223 0.0004588664     22893.72
        8240    0.9846349    -1.490367  0.000396781     22893.78
        8242    0.9855074    -1.489736  0.000311561        22892
        8244    0.9864755    -1.489129 0.0002392332     22892.92
        8246    0.9875292     -1.48873 0.0001940334        22892
        8248    0.9886841    -1.488453 0.0001394677     22891.76
        8250    0.9898919    -1.488184 0.0001115076     22893.14
        8252    0.9911438    -1.488013 0.0001046669     22893.75
        8254    0.9923802    -1.487838 0.0001359438     22893.89
        8256    0.9935742    -1.487616 0.0002047381     22893.63
        8258    0.9946822    -1.487096 0.0002857578     22897.14
        8260    0.9956695    -1.486375 0.0003887356     22901.06
        8262    0.9964831    -1.485552 0.0005100784      22901.3
        8264      0.99714    -1.484506 0.0006425759     22901.22
        8266    0.9975861    -1.483016 0.0007815141     22903.98
        8268    0.9978034    -1.481234 0.0009313894     22905.46
        8270    0.9978687      -1.4793 0.0009801182     22905.17
        8272    0.9977127    -1.477055 0.0007194854     22904.34
        8274    0.9975337    -1.475175 0.0005755455     22894.42
        8276    0.9971911    -1.475479  0.001209587     22829.52
        8278     0.996458    -1.474696  0.001358193     22775.91
        8280    0.9962823    -1.467378  0.001760711     22888.88
        8282    0.9958971    -1.464309   0.00199326     22898.74
        8284     0.995474    -1.461393  0.001402354      22903.8
        8286    0.9951161     -1.45875  0.001341405     22904.87
        8288    0.9947259     -1.45616   0.00128884     22903.61
        8290    0.9943332    -1.453578  0.001287813     22902.03
        8292    0.9939965    -1.451082  0.001290907     22900.39
        8294     0.993643    -1.448447  0.001291078      22901.3
        8296    0.9932976    -1.445832  0.001300108     22902.01
        8298    0.9929606    -1.443249  0.001271209     22902.25
        8300    0.9926486    -1.440681  0.001233382     22902.98
        8302     0.992406    -1.438278   0.00118428     22902.32
        8304    0.9922264    -1.435965   0.00112453     22901.72
        8306    0.9921462    -1.433775   0.00106701     22901.72
        8308    0.9921358    -1.431685   0.00101865     22901.81
        8310    0.9921977    -1.429742 0.0009791051     22901.02
        8312    0.9922303    -1.427816 0.0009656139     22898.79
        8314    0.9922908    -1.425942 0.0009931727     22896.31
        8316    0.9923224     -1.42396  0.001029208     22895.27
        8318    0.9922855    -1.421796  0.001065825     22895.97
        8320    0.9922881    -1.419582  0.001079139     22899.13
        8322    0.9922707    -1.417416  0.001057092     22900.51
        8324    0.9922762    -1.415327  0.001033081     22900.87
        8326    0.9923086    -1.413339 0.0009838672     22899.83
        8328    0.9922753    -1.411318 0.0009074872     22897.28
        8330    0.9923619    -1.409545 0.0008976541     22893.17
        8332    0.9924201    -1.408067 0.0008866686     22881.36
        8334    0.9924034    -1.406158 0.0008774223     22876.74
        8336    0.9924697    -1.404224 0.0009238772     22875.49
        8338    0.9925104    -1.402525 0.0009130538     22868.02
        8340    0.9925753    -1.400676 0.0008934219     22864.74
        8342    0.9927496    -1.398854 0.0008676305     22864.57
        8344    0.9929223    -1.397077 0.0007921214     22863.27
        8346    0.9931178    -1.395584 0.0007038809     22856.31
        8348    0.9932685    -1.394339 0.0006823237     22842.18
        8350    0.9934348    -1.393223 0.0007327571     22825.64
        8352    0.9935945    -1.391618  0.000800199     22819.89
        8354    0.9938413    -1.389722 0.0008788033     22823.68
        8356    0.9940961    -1.387937 0.0008975027     22825.19
        8358    0.9943739    -1.386192 0.0008859767     22826.57
        8360    0.9946726    -1.384438  0.000899663     22828.82
        8362    0.9949285    -1.382634 0.0009082949     22830.72
        8364    0.9951961     -1.38074 0.0008927435     22835.03
        8366    0.9955108    -1.378926 0.0008473676      22839.1
        8368    0.9958576    -1.377296 0.0008068226     22840.07
        8370    0.9962501    -1.375855 0.0007935217      22838.3
        8372    0.9966676    -1.374286 0.0007737648     22840.26
        8374    0.9970957    -1.372578  0.000772853     22845.69
        8376    0.9976109    -1.371106 0.0007509962      22848.7
        8378    0.9981235    -1.369673 0.0006955084     22850.75
        8380    0.9985886    -1.368278 0.0006606303     22850.27
        8382    0.9990881    -1.367014 0.0006483694     22847.96
        8384    0.9995891    -1.365821 0.0006418177     22844.06
        8386     1.000035    -1.364486 0.0006600349      22841.5
        8388     1.000525    -1.363143 0.0006867352     22840.54
        8390     1.001008    -1.361733 0.0007038997     22840.86
        8392     1.001491    -1.360327  0.000726088     22841.05
        8394     1.001953    -1.358854 0.0007299002     22842.04
        8396     1.002362    -1.357334 0.0007334403     22842.23
        8398     1.002765    -1.355894 0.0007323995     22840.35
        8400     1.003148     -1.35446 0.0007389603     22837.66
        8402     1.003506    -1.352995 0.0007779289     22834.76
        8404      1.00387    -1.351423 0.0008202348     22834.48
        8406     1.004163    -1.349671 0.0008435649     22835.83
        8408     1.004451    -1.347898 0.0008734625     22837.41
        8410     1.004732    -1.346247 0.0008790087     22835.98
        8412     1.004974    -1.344435  0.000886139     22836.82
        8414      1.00521    -1.342639 0.0009187965     22837.09
        8416     1.005428    -1.340809 0.0009323883     22837.48
        8418      1.00564    -1.338896 0.0009546792      22839.5
        8420     1.005816    -1.336976 0.0009809439      22840.4
        8422     1.005993    -1.335001 0.0009964287     22842.58
        8424     1.006175    -1.332961  0.001009557     22846.35
        8426     1.006322    -1.330925  0.001018661     22848.83
        8428     1.006497    -1.328899 0.0009979581     22851.98
        8430     1.006616    -1.326852 0.0009798191     22853.71
        8432     1.006729    -1.324978 0.0009759018     22851.24
        8434     1.006879    -1.323086 0.0009643846     22850.42
        8436     1.007012    -1.321092   0.00097237      22851.3
        8438     1.007183    -1.319137 0.0009702846      22852.6
        8440     1.007331    -1.317199 0.0009560639     22852.67
        8442     1.007493    -1.315324 0.0009482413     22851.75
        8444     1.007661    -1.313444 0.0009390779     22851.16
        8446     1.007819    -1.311551 0.0009319965     22850.44
        8448     1.007998    -1.309686 0.0009341586     22849.79
        8450     1.008197    -1.307868 0.0009444899     22848.74
        8452     1.008357     -1.30597  0.000952219     22848.12
        8454     1.008497    -1.303995 0.0009648641     22848.58
        8456       1.0087    -1.302068 0.0009535541     22850.04
        8458       1.0089    -1.300149  0.000915003     22851.18
        8460      1.00908    -1.298342 0.0008928792     22849.09
        8462     1.009324    -1.296675 0.0008992919     22845.95
        8464     1.009568    -1.294925 0.0009054165     22844.68
        8466      1.00974    -1.292955 0.0009227458     22845.94
        8468     1.009969    -1.291099 0.0009379553     22846.49
        8470     1.010213    -1.289293 0.0009198476     22846.39
        8472     1.010409    -1.287422 0.0009033919     22846.13
        8474     1.010686    -1.285596  0.000895709     22847.55
        8476     1.010933    -1.283872 0.0008877632     22845.61
        8478     1.011156    -1.282127 0.0008971741     22843.29
        8480     1.011417     -1.28032 0.0009040512     22843.68
        8482     1.011658    -1.278419 0.0009074958     22845.47
        8484     1.011909    -1.276639 0.0008925583      22844.8
        8486     1.012194    -1.274867 0.0008608188      22845.1
        8488     1.012448    -1.273179 0.0008361051     22842.42
        8490     1.012723    -1.271532 0.0007861719     22839.49
        8492     1.013049     -1.26995 0.0007075941     22836.81
        8494     1.013363    -1.268578 0.0005277649     22828.94
        8496     1.013726    -1.267518 0.0001916507     22815.66
        8498     1.014108     -1.26731 -0.0001869779     22783.79
        8500     1.014108     -1.26731 -0.0001869779     22783.79
