# start time: b'2023-07-09T11:39:43.598102+02:00'
# temperature: 57
# mainty: -30.7
# end time: b'2023-07-09T11:52:03.467399+02:00'
eneenc   mu_trans   mu_fluo   mu_ref   I0   I1   I2   fluo   piezom   Emono
1.139827e+01 -2.509769e-02 0.000000e+00 -4.318828e-02 7.856512e+05 8.056188e+05 8.411743e+05 0.000000e+00 1.419510e+00 1.140012e+01
1.140312e+01 -2.602829e-02 0.000000e+00 -4.561140e-02 7.916323e+05 8.125077e+05 8.504254e+05 0.000000e+00 1.414990e+00 1.140513e+01
1.140815e+01 -2.797598e-02 0.000000e+00 -4.877789e-02 7.919201e+05 8.143877e+05 8.550966e+05 0.000000e+00 1.413920e+00 1.141012e+01
1.141308e+01 -3.008584e-02 0.000000e+00 -5.098946e-02 7.912634e+05 8.154310e+05 8.580877e+05 0.000000e+00 1.412910e+00 1.141511e+01
1.141808e+01 -3.189900e-02 0.000000e+00 -5.398085e-02 7.902057e+05 8.158188e+05 8.610677e+05 0.000000e+00 1.411820e+00 1.142010e+01
1.142307e+01 -3.559636e-02 0.000000e+00 -5.696696e-02 7.772734e+05 8.054399e+05 8.526554e+05 0.000000e+00 1.415770e+00 1.142510e+01
1.142807e+01 -3.571125e-02 0.000000e+00 -5.986281e-02 7.903146e+05 8.190477e+05 8.695754e+05 0.000000e+00 1.410740e+00 1.143011e+01
1.143307e+01 -3.798103e-02 0.000000e+00 -6.252955e-02 7.903990e+05 8.209966e+05 8.739721e+05 0.000000e+00 1.410150e+00 1.143512e+01
1.143800e+01 -3.996099e-02 0.000000e+00 -6.510122e-02 7.901146e+05 8.223277e+05 8.776432e+05 0.000000e+00 1.409290e+00 1.144013e+01
1.144307e+01 -4.172179e-02 0.000000e+00 -6.784779e-02 7.886723e+05 8.222732e+05 8.799988e+05 0.000000e+00 1.409050e+00 1.144512e+01
1.144799e+01 -4.227747e-02 0.000000e+00 -7.037679e-02 7.832601e+05 8.170843e+05 8.766599e+05 0.000000e+00 1.404150e+00 1.145011e+01
1.145306e+01 -4.601691e-02 0.000000e+00 -7.341691e-02 7.889690e+05 8.261232e+05 8.890566e+05 0.000000e+00 1.407850e+00 1.145514e+01
1.145805e+01 -4.722682e-02 0.000000e+00 -7.601482e-02 7.815679e+05 8.193643e+05 8.840766e+05 0.000000e+00 1.406670e+00 1.146014e+01
1.146301e+01 -4.926537e-02 0.000000e+00 -7.840878e-02 7.885468e+05 8.283677e+05 8.959332e+05 0.000000e+00 1.405540e+00 1.146511e+01
1.146801e+01 -5.199950e-02 0.000000e+00 -8.075351e-02 7.812157e+05 8.229132e+05 8.921232e+05 0.000000e+00 1.407410e+00 1.147012e+01
1.147296e+01 -5.305494e-02 0.000000e+00 -8.325971e-02 7.869234e+05 8.298010e+05 9.018477e+05 0.000000e+00 1.404700e+00 1.147513e+01
1.147804e+01 -5.512954e-02 0.000000e+00 -8.575347e-02 7.877868e+05 8.324366e+05 9.069710e+05 0.000000e+00 1.403450e+00 1.148011e+01
1.148293e+01 -5.646597e-02 0.000000e+00 -8.858774e-02 7.855123e+05 8.311432e+05 9.081321e+05 0.000000e+00 1.401740e+00 1.148510e+01
1.148803e+01 -5.888423e-02 0.000000e+00 -9.086909e-02 7.863712e+05 8.340666e+05 9.134077e+05 0.000000e+00 1.402080e+00 1.149013e+01
1.149299e+01 -5.972835e-02 0.000000e+00 -9.330987e-02 7.713890e+05 8.188666e+05 8.989532e+05 0.000000e+00 1.400490e+00 1.149513e+01
1.149799e+01 -6.134440e-02 0.000000e+00 -9.557613e-02 7.854223e+05 8.351121e+05 9.188677e+05 0.000000e+00 1.400090e+00 1.150013e+01
1.150293e+01 -6.310725e-02 0.000000e+00 -9.764116e-02 7.707512e+05 8.209588e+05 9.051621e+05 0.000000e+00 1.400220e+00 1.150511e+01
1.150793e+01 -6.439456e-02 0.000000e+00 -9.908976e-02 7.839523e+05 8.360954e+05 9.231877e+05 0.000000e+00 1.399680e+00 1.151012e+01
1.151296e+01 -6.535959e-02 0.000000e+00 -1.010232e-01 7.839601e+05 8.369110e+05 9.258766e+05 0.000000e+00 1.399100e+00 1.151511e+01
1.151789e+01 -6.608210e-02 0.000000e+00 -1.021520e-01 7.828312e+05 8.363099e+05 9.262566e+05 0.000000e+00 1.398810e+00 1.152013e+01
1.152244e+01 -6.654661e-02 0.000000e+00 -1.029171e-01 7.827068e+05 8.365654e+05 9.272488e+05 0.000000e+00 1.398230e+00 1.152461e+01
1.152634e+01 -6.635836e-02 0.000000e+00 -1.035121e-01 7.759168e+05 8.291521e+05 9.195788e+05 0.000000e+00 1.396450e+00 1.152855e+01
1.152970e+01 -6.691780e-02 0.000000e+00 -1.030064e-01 7.537357e+05 8.058999e+05 8.933388e+05 0.000000e+00 1.399330e+00 1.153198e+01
1.153266e+01 -6.649045e-02 0.000000e+00 -1.020638e-01 7.837457e+05 8.376288e+05 9.276354e+05 0.000000e+00 1.397690e+00 1.153490e+01
1.153509e+01 -6.540645e-02 0.000000e+00 -1.012129e-01 7.828868e+05 8.358043e+05 9.248277e+05 0.000000e+00 1.396960e+00 1.153730e+01
1.153691e+01 -6.456566e-02 0.000000e+00 -1.002288e-01 7.826234e+05 8.348210e+05 9.228310e+05 0.000000e+00 1.396790e+00 1.153916e+01
1.153826e+01 -6.361660e-02 0.000000e+00 -9.926825e-02 7.825512e+05 8.339521e+05 9.209854e+05 0.000000e+00 1.396630e+00 1.154051e+01
1.153905e+01 -6.332667e-02 0.000000e+00 -9.827652e-02 7.823401e+05 8.334854e+05 9.195577e+05 0.000000e+00 1.396380e+00 1.154131e+01
1.153936e+01 -6.313240e-02 0.000000e+00 -9.822180e-02 7.824546e+05 8.334454e+05 9.194632e+05 0.000000e+00 1.396500e+00 1.154164e+01
1.153965e+01 -6.274542e-02 0.000000e+00 -9.795903e-02 7.824068e+05 8.330721e+05 9.188099e+05 0.000000e+00 1.396540e+00 1.154192e+01
1.153991e+01 -6.234812e-02 0.000000e+00 -9.764661e-02 7.821101e+05 8.324254e+05 9.178099e+05 0.000000e+00 1.396320e+00 1.154221e+01
1.154023e+01 -6.226079e-02 0.000000e+00 -9.709302e-02 7.819446e+05 8.321766e+05 9.170277e+05 0.000000e+00 1.396730e+00 1.154253e+01
1.154052e+01 -6.193722e-02 0.000000e+00 -9.719471e-02 7.822801e+05 8.322643e+05 9.172177e+05 0.000000e+00 1.396230e+00 1.154282e+01
1.154079e+01 -6.144886e-02 0.000000e+00 -9.646676e-02 7.816790e+05 8.312188e+05 9.153988e+05 0.000000e+00 1.396580e+00 1.154311e+01
1.154110e+01 -6.145070e-02 0.000000e+00 -9.607991e-02 7.822334e+05 8.318099e+05 9.156954e+05 0.000000e+00 1.396330e+00 1.154343e+01
1.154140e+01 -6.115495e-02 0.000000e+00 -9.566519e-02 7.822223e+05 8.315521e+05 9.150321e+05 0.000000e+00 1.396490e+00 1.154372e+01
1.154171e+01 -6.075889e-02 0.000000e+00 -9.526473e-02 7.820690e+05 8.310599e+05 9.141243e+05 0.000000e+00 1.396680e+00 1.154401e+01
1.154203e+01 -6.027346e-02 0.000000e+00 -9.472331e-02 7.821046e+05 8.306943e+05 9.132277e+05 0.000000e+00 1.396270e+00 1.154433e+01
1.154233e+01 -6.007575e-02 0.000000e+00 -9.423917e-02 7.815268e+05 8.299166e+05 9.119310e+05 0.000000e+00 1.396670e+00 1.154462e+01
1.154263e+01 -5.991921e-02 0.000000e+00 -9.404689e-02 7.820290e+05 8.303199e+05 9.121988e+05 0.000000e+00 1.396290e+00 1.154491e+01
1.154295e+01 -5.920497e-02 0.000000e+00 -9.328756e-02 7.817112e+05 8.293899e+05 9.104854e+05 0.000000e+00 1.396530e+00 1.154523e+01
1.154325e+01 -5.931051e-02 0.000000e+00 -9.288077e-02 7.816423e+05 8.294043e+05 9.101310e+05 0.000000e+00 1.396540e+00 1.154552e+01
1.154356e+01 -5.848055e-02 0.000000e+00 -9.233571e-02 7.815368e+05 8.286043e+05 9.087577e+05 0.000000e+00 1.396520e+00 1.154581e+01
1.154388e+01 -5.845394e-02 0.000000e+00 -9.220654e-02 7.817923e+05 8.288532e+05 9.089132e+05 0.000000e+00 1.396700e+00 1.154613e+01
1.154417e+01 -5.771958e-02 0.000000e+00 -9.120798e-02 7.818223e+05 8.282766e+05 9.073743e+05 0.000000e+00 1.396390e+00 1.154642e+01
1.154445e+01 -5.729300e-02 0.000000e+00 -9.081136e-02 7.817457e+05 8.278421e+05 9.065388e+05 0.000000e+00 1.396620e+00 1.154671e+01
1.154478e+01 -5.690400e-02 0.000000e+00 -8.980913e-02 7.814946e+05 8.272543e+05 9.049877e+05 0.000000e+00 1.396220e+00 1.154703e+01
1.154506e+01 -5.630732e-02 0.000000e+00 -8.903799e-02 7.814968e+05 8.267632e+05 9.037532e+05 0.000000e+00 1.396390e+00 1.154732e+01
1.154535e+01 -5.581247e-02 0.000000e+00 -8.865613e-02 7.814023e+05 8.262543e+05 9.028521e+05 0.000000e+00 1.396370e+00 1.154761e+01
1.154570e+01 -5.498081e-02 0.000000e+00 -8.798046e-02 7.811701e+05 8.253221e+05 9.012243e+05 0.000000e+00 1.396200e+00 1.154793e+01
1.154599e+01 -5.474871e-02 0.000000e+00 -8.717893e-02 7.815923e+05 8.255766e+05 9.007799e+05 0.000000e+00 1.396440e+00 1.154822e+01
1.154628e+01 -5.390042e-02 0.000000e+00 -8.653039e-02 7.814123e+05 8.246866e+05 8.992254e+05 0.000000e+00 1.396290e+00 1.154851e+01
1.154660e+01 -5.336412e-02 0.000000e+00 -8.555797e-02 7.812490e+05 8.240721e+05 8.976821e+05 0.000000e+00 1.396420e+00 1.154883e+01
1.154689e+01 -5.249029e-02 0.000000e+00 -8.481017e-02 7.811212e+05 8.232177e+05 8.960810e+05 0.000000e+00 1.396100e+00 1.154912e+01
1.154718e+01 -5.194252e-02 0.000000e+00 -8.346656e-02 7.813657e+05 8.230243e+05 8.946677e+05 0.000000e+00 1.396180e+00 1.154941e+01
1.154750e+01 -5.119680e-02 0.000000e+00 -8.271362e-02 7.812634e+05 8.223032e+05 8.932110e+05 0.000000e+00 1.396160e+00 1.154973e+01
1.154776e+01 -5.056900e-02 0.000000e+00 -8.151571e-02 7.810379e+05 8.215499e+05 8.913243e+05 0.000000e+00 1.396010e+00 1.155002e+01
1.154805e+01 -4.940150e-02 0.000000e+00 -8.057491e-02 7.805934e+05 8.201243e+05 8.889410e+05 0.000000e+00 1.396380e+00 1.155031e+01
1.154837e+01 -4.894268e-02 0.000000e+00 -7.977762e-02 7.811379e+05 8.203199e+05 8.884443e+05 0.000000e+00 1.395810e+00 1.155064e+01
1.154866e+01 -4.787670e-02 0.000000e+00 -7.859606e-02 7.809246e+05 8.192221e+05 8.862077e+05 0.000000e+00 1.396270e+00 1.155092e+01
1.154894e+01 -4.720762e-02 1.279925e-06 -7.699049e-02 7.812957e+05 8.190632e+05 8.846143e+05 1.000000e+00 1.396050e+00 1.155121e+01
1.154926e+01 -4.608571e-02 0.000000e+00 -7.600196e-02 7.807434e+05 8.175666e+05 8.821254e+05 0.000000e+00 1.396170e+00 1.155154e+01
1.154955e+01 -4.527459e-02 0.000000e+00 -7.440136e-02 7.806857e+05 8.168432e+05 8.799354e+05 0.000000e+00 1.396130e+00 1.155183e+01
1.154984e+01 -4.376929e-02 0.000000e+00 -7.320749e-02 7.804323e+05 8.153499e+05 8.772788e+05 0.000000e+00 1.395650e+00 1.155211e+01
1.155013e+01 -4.316388e-02 0.000000e+00 -7.183793e-02 7.808134e+05 8.152543e+05 8.759754e+05 0.000000e+00 1.396210e+00 1.155240e+01
1.155045e+01 -4.191356e-02 0.000000e+00 -6.999799e-02 7.804712e+05 8.138788e+05 8.728899e+05 0.000000e+00 1.395830e+00 1.155273e+01
1.155072e+01 -4.054242e-02 0.000000e+00 -6.837478e-02 7.804890e+05 8.127821e+05 8.702999e+05 0.000000e+00 1.396080e+00 1.155302e+01
1.155100e+01 -3.958185e-02 0.000000e+00 -6.669063e-02 7.803879e+05 8.118966e+05 8.678888e+05 0.000000e+00 1.395760e+00 1.155331e+01
1.155132e+01 -3.781367e-02 0.000000e+00 -6.452653e-02 7.802690e+05 8.103388e+05 8.643510e+05 0.000000e+00 1.395950e+00 1.155363e+01
1.155160e+01 -3.689665e-02 0.000000e+00 -6.265285e-02 7.803423e+05 8.096721e+05 8.620232e+05 0.000000e+00 1.396250e+00 1.155392e+01
1.155187e+01 -3.510337e-02 0.000000e+00 -6.084338e-02 7.799568e+05 8.078221e+05 8.584988e+05 0.000000e+00 1.395840e+00 1.155421e+01
1.155219e+01 -3.321829e-02 0.000000e+00 -5.845701e-02 7.792079e+05 8.055266e+05 8.540188e+05 0.000000e+00 1.395860e+00 1.155453e+01
1.155248e+01 -3.155913e-02 0.000000e+00 -5.637916e-02 7.785790e+05 8.035421e+05 8.501466e+05 0.000000e+00 1.395620e+00 1.155482e+01
1.155277e+01 -2.967555e-02 0.000000e+00 -5.377819e-02 7.782801e+05 8.017221e+05 8.460177e+05 0.000000e+00 1.395350e+00 1.155511e+01
1.155309e+01 -2.788443e-02 0.000000e+00 -5.105576e-02 7.781712e+05 8.001754e+05 8.420899e+05 0.000000e+00 1.395170e+00 1.155543e+01
1.155338e+01 -2.578898e-02 0.000000e+00 -4.846723e-02 7.780212e+05 7.983466e+05 8.379932e+05 0.000000e+00 1.395040e+00 1.155572e+01
1.155370e+01 -2.374150e-02 0.000000e+00 -4.532773e-02 7.780968e+05 7.967910e+05 8.337388e+05 0.000000e+00 1.395040e+00 1.155601e+01
1.155402e+01 -2.112019e-02 0.000000e+00 -4.233301e-02 7.775923e+05 7.941899e+05 8.285321e+05 0.000000e+00 1.394410e+00 1.155633e+01
1.155433e+01 -1.902260e-02 0.000000e+00 -3.909470e-02 7.776346e+05 7.925688e+05 8.241677e+05 0.000000e+00 1.394360e+00 1.155662e+01
1.155463e+01 -1.636521e-02 0.000000e+00 -3.533093e-02 7.765590e+05 7.893721e+05 8.177599e+05 0.000000e+00 1.393380e+00 1.155691e+01
1.155494e+01 -1.330670e-02 0.000000e+00 -3.162343e-02 7.754434e+05 7.858310e+05 8.110788e+05 0.000000e+00 1.392520e+00 1.155723e+01
1.155523e+01 -1.018890e-02 0.000000e+00 -2.791724e-02 7.729079e+05 7.808232e+05 8.029288e+05 0.000000e+00 1.391450e+00 1.155752e+01
1.155552e+01 -6.706748e-03 0.000000e+00 -2.364131e-02 7.687457e+05 7.739188e+05 7.924332e+05 0.000000e+00 1.388730e+00 1.155781e+01
1.155584e+01 -2.870310e-03 0.000000e+00 -1.926572e-02 7.610390e+05 7.632266e+05 7.780732e+05 0.000000e+00 1.386000e+00 1.155813e+01
1.155613e+01 5.619505e-04 0.000000e+00 -1.450146e-02 7.499801e+05 7.495588e+05 7.605077e+05 0.000000e+00 1.383980e+00 1.155842e+01
1.155642e+01 3.811003e-03 0.000000e+00 -9.059396e-03 7.379268e+05 7.351199e+05 7.418099e+05 0.000000e+00 1.385770e+00 1.155871e+01
1.155671e+01 6.494729e-03 0.000000e+00 -3.075126e-03 7.291401e+05 7.244199e+05 7.266510e+05 0.000000e+00 1.390330e+00 1.155900e+01
1.155706e+01 1.045056e-02 0.000000e+00 4.944824e-03 7.247557e+05 7.172210e+05 7.136832e+05 0.000000e+00 1.393470e+00 1.155933e+01
1.155735e+01 1.483400e-02 0.000000e+00 1.196997e-02 7.227701e+05 7.121277e+05 7.036543e+05 0.000000e+00 1.394430e+00 1.155962e+01
1.155764e+01 1.917315e-02 0.000000e+00 2.026717e-02 7.225946e+05 7.088721e+05 6.946499e+05 0.000000e+00 1.395830e+00 1.155991e+01
1.155796e+01 2.313590e-02 0.000000e+00 3.066036e-02 7.285134e+05 7.118521e+05 6.903577e+05 0.000000e+00 1.403250e+00 1.156023e+01
1.155825e+01 2.855428e-02 0.000000e+00 4.098095e-02 7.406312e+05 7.197821e+05 6.908810e+05 0.000000e+00 1.409790e+00 1.156052e+01
1.155854e+01 3.465492e-02 0.000000e+00 5.074922e-02 7.532234e+05 7.275677e+05 6.915654e+05 0.000000e+00 1.410410e+00 1.156081e+01
1.155886e+01 4.187039e-02 0.000000e+00 6.157036e-02 7.630657e+05 7.317754e+05 6.880788e+05 0.000000e+00 1.406720e+00 1.156113e+01
1.155915e+01 4.876147e-02 0.000000e+00 7.241619e-02 7.685557e+05 7.319788e+05 6.808454e+05 0.000000e+00 1.403500e+00 1.156142e+01
1.155941e+01 5.668664e-02 0.000000e+00 8.479339e-02 7.715534e+05 7.290332e+05 6.697643e+05 0.000000e+00 1.402040e+00 1.156171e+01
1.155973e+01 6.589135e-02 0.000000e+00 1.005082e-01 7.736657e+05 7.243310e+05 6.550688e+05 0.000000e+00 1.400370e+00 1.156203e+01
1.156001e+01 7.541628e-02 0.000000e+00 1.165981e-01 7.748312e+05 7.185454e+05 6.394643e+05 0.000000e+00 1.400140e+00 1.156232e+01
1.156028e+01 8.545143e-02 0.000000e+00 1.343331e-01 7.755612e+05 7.120410e+05 6.225366e+05 0.000000e+00 1.399580e+00 1.156261e+01
1.156060e+01 9.743430e-02 0.000000e+00 1.559539e-01 7.763123e+05 7.042410e+05 6.025477e+05 0.000000e+00 1.399120e+00 1.156294e+01
1.156089e+01 1.097544e-01 0.000000e+00 1.782247e-01 7.765712e+05 6.958499e+05 5.822554e+05 0.000000e+00 1.398810e+00 1.156323e+01
1.156118e+01 1.233106e-01 0.000000e+00 2.027940e-01 7.769112e+05 6.867810e+05 5.607199e+05 0.000000e+00 1.398460e+00 1.156352e+01
1.156147e+01 1.379958e-01 0.000000e+00 2.307632e-01 7.770957e+05 6.769299e+05 5.374332e+05 0.000000e+00 1.398650e+00 1.156381e+01
1.156179e+01 1.555415e-01 0.000000e+00 2.655543e-01 7.779112e+05 6.658543e+05 5.105643e+05 0.000000e+00 1.398180e+00 1.156413e+01
1.156208e+01 1.736353e-01 0.000000e+00 3.004796e-01 7.777401e+05 6.537710e+05 4.840932e+05 0.000000e+00 1.398040e+00 1.156442e+01
1.156237e+01 1.933908e-01 0.000000e+00 3.408024e-01 7.781257e+05 6.412999e+05 4.560921e+05 0.000000e+00 1.397950e+00 1.156471e+01
1.156269e+01 2.183288e-01 0.000000e+00 3.901051e-01 7.781457e+05 6.255210e+05 4.234688e+05 0.000000e+00 1.397910e+00 1.156503e+01
1.156296e+01 2.435818e-01 0.000000e+00 4.409040e-01 7.779523e+05 6.097710e+05 3.923599e+05 0.000000e+00 1.397980e+00 1.156532e+01
1.156324e+01 2.710610e-01 0.000000e+00 4.965138e-01 7.782512e+05 5.934710e+05 3.612154e+05 0.000000e+00 1.397560e+00 1.156561e+01
1.156356e+01 3.063625e-01 0.000000e+00 5.650019e-01 7.781779e+05 5.728321e+05 3.255743e+05 0.000000e+00 1.397850e+00 1.156593e+01
1.156383e+01 3.414862e-01 0.000000e+00 6.324013e-01 7.782290e+05 5.530977e+05 2.938688e+05 0.000000e+00 1.397510e+00 1.156623e+01
1.156412e+01 3.801749e-01 0.000000e+00 7.027610e-01 7.785946e+05 5.323577e+05 2.636321e+05 0.000000e+00 1.397700e+00 1.156652e+01
1.156441e+01 4.243912e-01 0.000000e+00 7.775918e-01 7.784934e+05 5.092654e+05 2.340132e+05 0.000000e+00 1.397630e+00 1.156681e+01
1.156473e+01 4.785522e-01 0.000000e+00 8.607372e-01 7.780646e+05 4.821510e+05 2.038777e+05 0.000000e+00 1.397370e+00 1.156713e+01
1.156505e+01 5.333536e-01 0.000000e+00 9.363994e-01 7.783590e+05 4.566121e+05 1.790088e+05 0.000000e+00 1.397660e+00 1.156742e+01
1.156534e+01 5.923616e-01 0.000000e+00 1.006094e+00 7.784912e+05 4.305210e+05 1.574177e+05 0.000000e+00 1.397280e+00 1.156771e+01
1.156568e+01 6.660728e-01 0.000000e+00 1.075644e+00 7.784968e+05 3.999310e+05 1.364077e+05 0.000000e+00 1.397600e+00 1.156803e+01
1.156598e+01 7.361360e-01 0.000000e+00 1.128411e+00 7.782468e+05 3.727499e+05 1.206021e+05 0.000000e+00 1.397250e+00 1.156832e+01
1.156627e+01 8.110006e-01 0.000000e+00 1.167487e+00 7.785746e+05 3.460088e+05 1.076599e+05 0.000000e+00 1.397110e+00 1.156861e+01
1.156656e+01 8.897540e-01 0.000000e+00 1.196545e+00 7.784301e+05 3.197454e+05 9.663878e+04 0.000000e+00 1.397450e+00 1.156890e+01
1.156688e+01 9.787477e-01 0.000000e+00 1.213775e+00 7.784901e+05 2.925421e+05 8.690656e+04 0.000000e+00 1.397200e+00 1.156923e+01
1.156720e+01 1.067324e+00 0.000000e+00 1.217749e+00 7.784034e+05 2.677143e+05 7.921544e+04 0.000000e+00 1.397410e+00 1.156955e+01
1.156754e+01 1.151176e+00 0.000000e+00 1.210756e+00 7.782646e+05 2.461377e+05 7.334211e+04 0.000000e+00 1.396940e+00 1.156987e+01
1.156786e+01 1.224713e+00 0.000000e+00 1.196807e+00 7.782446e+05 2.286810e+05 6.909767e+04 0.000000e+00 1.397360e+00 1.157019e+01
1.156821e+01 1.288263e+00 0.000000e+00 1.174531e+00 7.784079e+05 2.146454e+05 6.631767e+04 0.000000e+00 1.397130e+00 1.157055e+01
1.156859e+01 1.327555e+00 0.000000e+00 1.147059e+00 7.778179e+05 2.062188e+05 6.548878e+04 0.000000e+00 1.397130e+00 1.157090e+01
1.156894e+01 1.337587e+00 0.000000e+00 1.118379e+00 7.780068e+05 2.042099e+05 6.673767e+04 0.000000e+00 1.397120e+00 1.157126e+01
1.156935e+01 1.317327e+00 0.000000e+00 1.087545e+00 7.778634e+05 2.083510e+05 7.022322e+04 0.000000e+00 1.396660e+00 1.157165e+01
1.156972e+01 1.265501e+00 0.000000e+00 1.055949e+00 7.784801e+05 2.196077e+05 7.639322e+04 0.000000e+00 1.397180e+00 1.157203e+01
1.157010e+01 1.194948e+00 0.000000e+00 1.027958e+00 7.783946e+05 2.356354e+05 8.429544e+04 0.000000e+00 1.396790e+00 1.157242e+01
1.157051e+01 1.110281e+00 0.000000e+00 1.004554e+00 7.781701e+05 2.563810e+05 9.388878e+04 0.000000e+00 1.397360e+00 1.157281e+01
1.157092e+01 1.014790e+00 0.000000e+00 9.812172e-01 7.783846e+05 2.821477e+05 1.057643e+05 0.000000e+00 1.396720e+00 1.157323e+01
1.157132e+01 9.214826e-01 0.000000e+00 9.629229e-01 7.782046e+05 3.096699e+05 1.182243e+05 0.000000e+00 1.397250e+00 1.157365e+01
1.157173e+01 8.319358e-01 0.000000e+00 9.462117e-01 7.782468e+05 3.386977e+05 1.314854e+05 0.000000e+00 1.397020e+00 1.157407e+01
1.157217e+01 7.476244e-01 0.000000e+00 9.300896e-01 7.779534e+05 3.683532e+05 1.453221e+05 0.000000e+00 1.396810e+00 1.157452e+01
1.157263e+01 6.735410e-01 0.000000e+00 9.154498e-01 7.780001e+05 3.967021e+05 1.588143e+05 0.000000e+00 1.396830e+00 1.157497e+01
1.157307e+01 6.109061e-01 0.000000e+00 9.018640e-01 7.779779e+05 4.223321e+05 1.713877e+05 0.000000e+00 1.396770e+00 1.157543e+01
1.157354e+01 5.579990e-01 0.000000e+00 8.898931e-01 7.779868e+05 4.452832e+05 1.828777e+05 0.000000e+00 1.396890e+00 1.157588e+01
1.157400e+01 5.129836e-01 0.000000e+00 8.786570e-01 7.775946e+05 4.655510e+05 1.933621e+05 0.000000e+00 1.396640e+00 1.157636e+01
1.157449e+01 4.763784e-01 0.000000e+00 8.693874e-01 7.775846e+05 4.829021e+05 2.024366e+05 0.000000e+00 1.396930e+00 1.157685e+01
1.157496e+01 4.493140e-01 0.000000e+00 8.618423e-01 7.773701e+05 4.960132e+05 2.095077e+05 0.000000e+00 1.396540e+00 1.157733e+01
1.157546e+01 4.267009e-01 0.000000e+00 8.573684e-01 7.771646e+05 5.072232e+05 2.152032e+05 0.000000e+00 1.397080e+00 1.157785e+01
1.157598e+01 4.112694e-01 0.000000e+00 8.542286e-01 7.766346e+05 5.147599e+05 2.190877e+05 0.000000e+00 1.396560e+00 1.157837e+01
1.157650e+01 4.001172e-01 0.000000e+00 8.555940e-01 7.761579e+05 5.202132e+05 2.211066e+05 0.000000e+00 1.397100e+00 1.157888e+01
1.157703e+01 3.925066e-01 0.000000e+00 8.577349e-01 7.750312e+05 5.234266e+05 2.219966e+05 0.000000e+00 1.396550e+00 1.157940e+01
1.157761e+01 3.883124e-01 1.296550e-06 8.640004e-01 7.712779e+05 5.230810e+05 2.204643e+05 1.000000e+00 1.396750e+00 1.157995e+01
1.157816e+01 3.870063e-01 0.000000e+00 8.717814e-01 7.597112e+05 5.159099e+05 2.157566e+05 0.000000e+00 1.393540e+00 1.158050e+01
1.157872e+01 3.850691e-01 0.000000e+00 8.803382e-01 7.474990e+05 5.086010e+05 2.108877e+05 0.000000e+00 1.394930e+00 1.158105e+01
1.157930e+01 3.824935e-01 0.000000e+00 8.892922e-01 7.542757e+05 5.145354e+05 2.114466e+05 0.000000e+00 1.398290e+00 1.158163e+01
1.157991e+01 3.832422e-01 0.000000e+00 8.967879e-01 7.652957e+05 5.216621e+05 2.127743e+05 0.000000e+00 1.399560e+00 1.158221e+01
1.158049e+01 3.866205e-01 0.000000e+00 9.022599e-01 7.754090e+05 5.267732e+05 2.136866e+05 0.000000e+00 1.396930e+00 1.158280e+01
1.158110e+01 3.905783e-01 0.000000e+00 9.047249e-01 7.783723e+05 5.266977e+05 2.131299e+05 0.000000e+00 1.395310e+00 1.158338e+01
1.158172e+01 3.945626e-01 0.000000e+00 9.020321e-01 7.782568e+05 5.245254e+05 2.128232e+05 0.000000e+00 1.394900e+00 1.158399e+01
1.158231e+01 3.987401e-01 0.000000e+00 8.959532e-01 7.789157e+05 5.227810e+05 2.134088e+05 0.000000e+00 1.395350e+00 1.158461e+01
1.158294e+01 4.040089e-01 0.000000e+00 8.846028e-01 7.782923e+05 5.196177e+05 2.145388e+05 0.000000e+00 1.394920e+00 1.158526e+01
1.158352e+01 4.088614e-01 0.000000e+00 8.725941e-01 7.782334e+05 5.170632e+05 2.160632e+05 0.000000e+00 1.395200e+00 1.158587e+01
1.158419e+01 4.131998e-01 0.000000e+00 8.605298e-01 7.782646e+05 5.148454e+05 2.177477e+05 0.000000e+00 1.394820e+00 1.158652e+01
1.158483e+01 4.172720e-01 0.000000e+00 8.507538e-01 7.781146e+05 5.126543e+05 2.189510e+05 0.000000e+00 1.395160e+00 1.158716e+01
1.158551e+01 4.213282e-01 0.000000e+00 8.442919e-01 7.780057e+05 5.105077e+05 2.194477e+05 0.000000e+00 1.394700e+00 1.158784e+01
1.158615e+01 4.247555e-01 0.000000e+00 8.417181e-01 7.778579e+05 5.086643e+05 2.192188e+05 0.000000e+00 1.395030e+00 1.158849e+01
1.158679e+01 4.285936e-01 0.000000e+00 8.406582e-01 7.778079e+05 5.066832e+05 2.185966e+05 0.000000e+00 1.394650e+00 1.158917e+01
1.158749e+01 4.325290e-01 0.000000e+00 8.414319e-01 7.774912e+05 5.044877e+05 2.174810e+05 0.000000e+00 1.394710e+00 1.158988e+01
1.158819e+01 4.370361e-01 0.000000e+00 8.427526e-01 7.772690e+05 5.020754e+05 2.161554e+05 0.000000e+00 1.394780e+00 1.159057e+01
1.158892e+01 4.419178e-01 0.000000e+00 8.467105e-01 7.772612e+05 4.996254e+05 2.142510e+05 0.000000e+00 1.394760e+00 1.159128e+01
1.158965e+01 4.475243e-01 0.000000e+00 8.519571e-01 7.773568e+05 4.968932e+05 2.119643e+05 0.000000e+00 1.394650e+00 1.159199e+01
1.159041e+01 4.528551e-01 0.000000e+00 8.637000e-01 7.769857e+05 4.940154e+05 2.082766e+05 0.000000e+00 1.394610e+00 1.159274e+01
1.159114e+01 4.576881e-01 0.000000e+00 8.769960e-01 7.772923e+05 4.918277e+05 2.046154e+05 0.000000e+00 1.394570e+00 1.159348e+01
1.159189e+01 4.623431e-01 0.000000e+00 8.940709e-01 7.772512e+05 4.895177e+05 2.002066e+05 0.000000e+00 1.394470e+00 1.159423e+01
1.159265e+01 4.668264e-01 0.000000e+00 9.120941e-01 7.769779e+05 4.871566e+05 1.956821e+05 0.000000e+00 1.394560e+00 1.159497e+01
1.159344e+01 4.707605e-01 0.000000e+00 9.292804e-01 7.767012e+05 4.850710e+05 1.915243e+05 0.000000e+00 1.394290e+00 1.159575e+01
1.159417e+01 4.742800e-01 0.000000e+00 9.424849e-01 7.766223e+05 4.833177e+05 1.883288e+05 0.000000e+00 1.394500e+00 1.159650e+01
1.159493e+01 4.779309e-01 0.000000e+00 9.495303e-01 7.768090e+05 4.816721e+05 1.863699e+05 0.000000e+00 1.393970e+00 1.159731e+01
1.159572e+01 4.815999e-01 0.000000e+00 9.485320e-01 7.765368e+05 4.797399e+05 1.858077e+05 0.000000e+00 1.394360e+00 1.159809e+01
1.159652e+01 4.853215e-01 0.000000e+00 9.410641e-01 7.766123e+05 4.780043e+05 1.865232e+05 0.000000e+00 1.394050e+00 1.159890e+01
1.159733e+01 4.895111e-01 0.000000e+00 9.292326e-01 7.765446e+05 4.759643e+05 1.879377e+05 0.000000e+00 1.394250e+00 1.159971e+01
1.159811e+01 4.944479e-01 0.000000e+00 9.168602e-01 7.764746e+05 4.735777e+05 1.893232e+05 0.000000e+00 1.393910e+00 1.160052e+01
1.159893e+01 4.994945e-01 0.000000e+00 9.030793e-01 7.766879e+05 4.713232e+05 1.910366e+05 0.000000e+00 1.393890e+00 1.160136e+01
1.159978e+01 5.062856e-01 0.000000e+00 8.918288e-01 7.762768e+05 4.678854e+05 1.917888e+05 0.000000e+00 1.394030e+00 1.160221e+01
1.160066e+01 5.121669e-01 0.000000e+00 8.829673e-01 7.761234e+05 4.650499e+05 1.923232e+05 0.000000e+00 1.393620e+00 1.160305e+01
1.160152e+01 5.186146e-01 0.000000e+00 8.765522e-01 7.761757e+05 4.620921e+05 1.923299e+05 0.000000e+00 1.394000e+00 1.160389e+01
1.160239e+01 5.251529e-01 0.000000e+00 8.715107e-01 7.762157e+05 4.591043e+05 1.920521e+05 0.000000e+00 1.393580e+00 1.160477e+01
1.160329e+01 5.318040e-01 0.000000e+00 8.689913e-01 7.760834e+05 4.559832e+05 1.912277e+05 0.000000e+00 1.393730e+00 1.160565e+01
1.160420e+01 5.382596e-01 0.000000e+00 8.661887e-01 7.758279e+05 4.528999e+05 1.904677e+05 0.000000e+00 1.393360e+00 1.160652e+01
1.160510e+01 5.447952e-01 0.000000e+00 8.603190e-01 7.759779e+05 4.500366e+05 1.903777e+05 0.000000e+00 1.393680e+00 1.160743e+01
1.160598e+01 5.517862e-01 0.000000e+00 8.543776e-01 7.756957e+05 4.467388e+05 1.901088e+05 0.000000e+00 1.393110e+00 1.160834e+01
1.160688e+01 5.586200e-01 0.000000e+00 8.475135e-01 7.759079e+05 4.438177e+05 1.901666e+05 0.000000e+00 1.393390e+00 1.160925e+01
1.160779e+01 5.666744e-01 0.000000e+00 8.424892e-01 7.757479e+05 4.401666e+05 1.895521e+05 0.000000e+00 1.393030e+00 1.161016e+01
1.160873e+01 5.746357e-01 0.000000e+00 8.403599e-01 7.756657e+05 4.366299e+05 1.884299e+05 0.000000e+00 1.393150e+00 1.161111e+01
1.160964e+01 5.837902e-01 0.000000e+00 8.410756e-01 7.753868e+05 4.324954e+05 1.865121e+05 0.000000e+00 1.392880e+00 1.161205e+01
1.161056e+01 5.915012e-01 0.000000e+00 8.453120e-01 7.754268e+05 4.291954e+05 1.843066e+05 0.000000e+00 1.392850e+00 1.161299e+01
1.161154e+01 6.002092e-01 0.000000e+00 8.518034e-01 7.749957e+05 4.252377e+05 1.814254e+05 0.000000e+00 1.392950e+00 1.161397e+01
1.161257e+01 6.069672e-01 0.000000e+00 8.598755e-01 7.749746e+05 4.223621e+05 1.787499e+05 0.000000e+00 1.392570e+00 1.161494e+01
1.161356e+01 6.127244e-01 0.000000e+00 8.691430e-01 7.752046e+05 4.200621e+05 1.761366e+05 0.000000e+00 1.392830e+00 1.161592e+01
1.161453e+01 6.161769e-01 0.000000e+00 8.781590e-01 7.745523e+05 4.182621e+05 1.738077e+05 0.000000e+00 1.392420e+00 1.161690e+01
1.161556e+01 6.169609e-01 0.000000e+00 8.876931e-01 7.749312e+05 4.181388e+05 1.721077e+05 0.000000e+00 1.392560e+00 1.161791e+01
1.161658e+01 6.157890e-01 0.000000e+00 8.973964e-01 7.743301e+05 4.183043e+05 1.705132e+05 0.000000e+00 1.392290e+00 1.161891e+01
1.161758e+01 6.112778e-01 0.000000e+00 9.066047e-01 7.744423e+05 4.202566e+05 1.697388e+05 0.000000e+00 1.392370e+00 1.161992e+01
1.161855e+01 6.060095e-01 0.000000e+00 9.138095e-01 7.742368e+05 4.223643e+05 1.693654e+05 0.000000e+00 1.392230e+00 1.162093e+01
1.161960e+01 5.978668e-01 0.000000e+00 9.201274e-01 7.743057e+05 4.258554e+05 1.696899e+05 0.000000e+00 1.392150e+00 1.162198e+01
1.162063e+01 5.894712e-01 0.000000e+00 9.223265e-01 7.737501e+05 4.291377e+05 1.706221e+05 0.000000e+00 1.392490e+00 1.162302e+01
1.162166e+01 5.797440e-01 0.000000e+00 9.224804e-01 7.742734e+05 4.336254e+05 1.723799e+05 0.000000e+00 1.391750e+00 1.162409e+01
1.162268e+01 5.700795e-01 0.000000e+00 9.185219e-01 7.742146e+05 4.378032e+05 1.747310e+05 0.000000e+00 1.392090e+00 1.162514e+01
1.162380e+01 5.606016e-01 0.000000e+00 9.131208e-01 7.738734e+05 4.417777e+05 1.772721e+05 0.000000e+00 1.391900e+00 1.162621e+01
1.162491e+01 5.505964e-01 0.000000e+00 9.078596e-01 7.735612e+05 4.460399e+05 1.799266e+05 0.000000e+00 1.391860e+00 1.162732e+01
1.162600e+01 5.421533e-01 0.000000e+00 9.029558e-01 7.729446e+05 4.494632e+05 1.821988e+05 0.000000e+00 1.392200e+00 1.162840e+01
1.162712e+01 5.329511e-01 0.000000e+00 8.978974e-01 7.730646e+05 4.536888e+05 1.848443e+05 0.000000e+00 1.391990e+00 1.162950e+01
1.162823e+01 5.248719e-01 0.000000e+00 8.930764e-01 7.718490e+05 4.566499e+05 1.869499e+05 0.000000e+00 1.392610e+00 1.163061e+01
1.162932e+01 5.173877e-01 0.000000e+00 8.887792e-01 7.684034e+05 4.580266e+05 1.883210e+05 0.000000e+00 1.392450e+00 1.163172e+01
1.163044e+01 5.145035e-01 0.000000e+00 8.847779e-01 7.394923e+05 4.420666e+05 1.824877e+05 0.000000e+00 1.387220e+00 1.163286e+01
1.163158e+01 5.060851e-01 0.000000e+00 8.809263e-01 7.170112e+05 4.322510e+05 1.791243e+05 0.000000e+00 1.390680e+00 1.163401e+01
1.163270e+01 4.992590e-01 0.000000e+00 8.765239e-01 7.372579e+05 4.475010e+05 1.862621e+05 0.000000e+00 1.392820e+00 1.163515e+01
1.163381e+01 4.985229e-01 1.305307e-06 8.742554e-01 7.661034e+05 4.653521e+05 1.941321e+05 1.000000e+00 1.387860e+00 1.163629e+01
1.163499e+01 4.945990e-01 0.000000e+00 8.710456e-01 7.697046e+05 4.693777e+05 1.964410e+05 0.000000e+00 1.387660e+00 1.163747e+01
1.163620e+01 4.914265e-01 0.000000e+00 8.666377e-01 7.709390e+05 4.716243e+05 1.982532e+05 0.000000e+00 1.388470e+00 1.163864e+01
1.163738e+01 4.888522e-01 0.000000e+00 8.619289e-01 7.718301e+05 4.733866e+05 1.999332e+05 0.000000e+00 1.387990e+00 1.163982e+01
1.163861e+01 4.866687e-01 0.000000e+00 8.562043e-01 7.717934e+05 4.743988e+05 2.015110e+05 0.000000e+00 1.388380e+00 1.164103e+01
1.163985e+01 4.859047e-01 0.000000e+00 8.493637e-01 7.718001e+05 4.747654e+05 2.030510e+05 0.000000e+00 1.388570e+00 1.164224e+01
1.164102e+01 4.848896e-01 0.000000e+00 8.422418e-01 7.719590e+05 4.753454e+05 2.047521e+05 0.000000e+00 1.388120e+00 1.164345e+01
1.164223e+01 4.844543e-01 0.000000e+00 8.349471e-01 7.721046e+05 4.756421e+05 2.063799e+05 0.000000e+00 1.388390e+00 1.164466e+01
1.164347e+01 4.846981e-01 0.000000e+00 8.298917e-01 7.717246e+05 4.752921e+05 2.072732e+05 0.000000e+00 1.388140e+00 1.164590e+01
1.164471e+01 4.841690e-01 0.000000e+00 8.245399e-01 7.723279e+05 4.759154e+05 2.086588e+05 0.000000e+00 1.388070e+00 1.164714e+01
1.164591e+01 4.852375e-01 0.000000e+00 8.207071e-01 7.715001e+05 4.748977e+05 2.090121e+05 0.000000e+00 1.388340e+00 1.164839e+01
1.164717e+01 4.854072e-01 0.000000e+00 8.180846e-01 7.715534e+05 4.748499e+05 2.095399e+05 0.000000e+00 1.387910e+00 1.164963e+01
1.164848e+01 4.861307e-01 0.000000e+00 8.156761e-01 7.713368e+05 4.743732e+05 2.098343e+05 0.000000e+00 1.388230e+00 1.165091e+01
1.164975e+01 4.870743e-01 0.000000e+00 8.140394e-01 7.712023e+05 4.738432e+05 2.099432e+05 0.000000e+00 1.387800e+00 1.165218e+01
1.165110e+01 4.876201e-01 0.000000e+00 8.145081e-01 7.713846e+05 4.736966e+05 2.097799e+05 0.000000e+00 1.387550e+00 1.165349e+01
1.165237e+01 4.883895e-01 0.000000e+00 8.164951e-01 7.714079e+05 4.733466e+05 2.092088e+05 0.000000e+00 1.387650e+00 1.165477e+01
1.165364e+01 4.891531e-01 0.000000e+00 8.192128e-01 7.716601e+05 4.731399e+05 2.085499e+05 0.000000e+00 1.387200e+00 1.165608e+01
1.165494e+01 4.899553e-01 0.000000e+00 8.239825e-01 7.714034e+05 4.726032e+05 2.073221e+05 0.000000e+00 1.387280e+00 1.165739e+01
1.165626e+01 4.910635e-01 0.000000e+00 8.300636e-01 7.708190e+05 4.717221e+05 2.056810e+05 0.000000e+00 1.386880e+00 1.165874e+01
1.165753e+01 4.914037e-01 0.000000e+00 8.370122e-01 7.712357e+05 4.718166e+05 2.042977e+05 0.000000e+00 1.386820e+00 1.166005e+01
1.165889e+01 4.927770e-01 0.000000e+00 8.427958e-01 7.707423e+05 4.708677e+05 2.027110e+05 0.000000e+00 1.386970e+00 1.166139e+01
1.166031e+01 4.933220e-01 0.000000e+00 8.476508e-01 7.707912e+05 4.706410e+05 2.016321e+05 0.000000e+00 1.386500e+00 1.166277e+01
1.166164e+01 4.940544e-01 0.000000e+00 8.519616e-01 7.708079e+05 4.703066e+05 2.006221e+05 0.000000e+00 1.386800e+00 1.166411e+01
1.166306e+01 4.954766e-01 1.401182e-06 8.542515e-01 7.707779e+05 4.696199e+05 1.998710e+05 1.080000e+00 1.386400e+00 1.166549e+01
1.166442e+01 4.965110e-01 0.000000e+00 8.553103e-01 7.705423e+05 4.689910e+05 1.993921e+05 0.000000e+00 1.386210e+00 1.166687e+01
1.166575e+01 4.979062e-01 0.000000e+00 8.561978e-01 7.704957e+05 4.683088e+05 1.989254e+05 0.000000e+00 1.386570e+00 1.166825e+01
1.166717e+01 4.995538e-01 0.000000e+00 8.549805e-01 7.706034e+05 4.676032e+05 1.988677e+05 0.000000e+00 1.386090e+00 1.166966e+01
1.166856e+01 5.011287e-01 0.000000e+00 8.529663e-01 7.703123e+05 4.666910e+05 1.988799e+05 0.000000e+00 1.386190e+00 1.167108e+01
1.166994e+01 5.034458e-01 0.000000e+00 8.514406e-01 7.701857e+05 4.655343e+05 1.986899e+05 0.000000e+00 1.385950e+00 1.167249e+01
1.167140e+01 5.055240e-01 0.000000e+00 8.488556e-01 7.702001e+05 4.645766e+05 1.987943e+05 0.000000e+00 1.385550e+00 1.167390e+01
1.167285e+01 5.077778e-01 0.000000e+00 8.475837e-01 7.696468e+05 4.631977e+05 1.984566e+05 0.000000e+00 1.385720e+00 1.167535e+01
1.167433e+01 5.105556e-01 0.000000e+00 8.452163e-01 7.696179e+05 4.618954e+05 1.983677e+05 0.000000e+00 1.385280e+00 1.167679e+01
1.167578e+01 5.125453e-01 0.000000e+00 8.429078e-01 7.697001e+05 4.610266e+05 1.984521e+05 0.000000e+00 1.385100e+00 1.167824e+01
1.167723e+01 5.153387e-01 0.000000e+00 8.406197e-01 7.694423e+05 4.595866e+05 1.982854e+05 0.000000e+00 1.385200e+00 1.167972e+01
1.167871e+01 5.172568e-01 0.000000e+00 8.388846e-01 7.695012e+05 4.587410e+05 1.982643e+05 0.000000e+00 1.384800e+00 1.168120e+01
1.168017e+01 5.192129e-01 0.000000e+00 8.393187e-01 7.692246e+05 4.576799e+05 1.977199e+05 0.000000e+00 1.384730e+00 1.168268e+01
1.168162e+01 5.207606e-01 0.000000e+00 8.389707e-01 7.690357e+05 4.568599e+05 1.974343e+05 0.000000e+00 1.384920e+00 1.168416e+01
1.168316e+01 5.219433e-01 0.000000e+00 8.408974e-01 7.685957e+05 4.560588e+05 1.967088e+05 0.000000e+00 1.384320e+00 1.168568e+01
1.168470e+01 5.211247e-01 0.000000e+00 8.425335e-01 7.701801e+05 4.573732e+05 1.969532e+05 0.000000e+00 1.384680e+00 1.168719e+01
1.168625e+01 5.238477e-01 0.000000e+00 8.440518e-01 7.664023e+05 4.538921e+05 1.951577e+05 0.000000e+00 1.384530e+00 1.168871e+01
1.168776e+01 5.234970e-01 0.000000e+00 8.456706e-01 7.656534e+05 4.536077e+05 1.947199e+05 0.000000e+00 1.384390e+00 1.169023e+01
1.168927e+01 5.224877e-01 0.000000e+00 8.455728e-01 7.656268e+05 4.540499e+05 1.949288e+05 0.000000e+00 1.384510e+00 1.169178e+01
1.169079e+01 5.209926e-01 0.000000e+00 8.453895e-01 7.654146e+05 4.546032e+05 1.952021e+05 0.000000e+00 1.384030e+00 1.169333e+01
1.169230e+01 5.184914e-01 0.000000e+00 8.430097e-01 7.656634e+05 4.558899e+05 1.962210e+05 0.000000e+00 1.383910e+00 1.169488e+01
1.169388e+01 5.170816e-01 0.000000e+00 8.398390e-01 7.644301e+05 4.557977e+05 1.968043e+05 0.000000e+00 1.384080e+00 1.169646e+01
1.169551e+01 5.142136e-01 0.000000e+00 8.358045e-01 7.614734e+05 4.553388e+05 1.974010e+05 0.000000e+00 1.383090e+00 1.169804e+01
1.169709e+01 5.112446e-01 0.000000e+00 8.303803e-01 7.645701e+05 4.585499e+05 1.998743e+05 0.000000e+00 1.383260e+00 1.169963e+01
1.169872e+01 5.086771e-01 0.000000e+00 8.232666e-01 7.623434e+05 4.583899e+05 2.012310e+05 0.000000e+00 1.382700e+00 1.170121e+01
1.170030e+01 5.047821e-01 0.000000e+00 8.153966e-01 7.652168e+05 4.619132e+05 2.043799e+05 0.000000e+00 1.382910e+00 1.170283e+01
1.170187e+01 5.005963e-01 0.000000e+00 8.084490e-01 7.674534e+05 4.652066e+05 2.072721e+05 0.000000e+00 1.382590e+00 1.170442e+01
1.170351e+01 4.974290e-01 0.000000e+00 8.011994e-01 7.683557e+05 4.672310e+05 2.096888e+05 0.000000e+00 1.382250e+00 1.170607e+01
1.170509e+01 4.946241e-01 0.000000e+00 7.949091e-01 7.677979e+05 4.682032e+05 2.114510e+05 0.000000e+00 1.381810e+00 1.170769e+01
1.170679e+01 4.921122e-01 0.000000e+00 7.902608e-01 7.637379e+05 4.668988e+05 2.118443e+05 0.000000e+00 1.381950e+00 1.170934e+01
1.170847e+01 4.897810e-01 0.000000e+00 7.883972e-01 7.675934e+05 4.703510e+05 2.138088e+05 0.000000e+00 1.382020e+00 1.171100e+01
1.171015e+01 4.880547e-01 0.000000e+00 7.872939e-01 7.645534e+05 4.692977e+05 2.135654e+05 0.000000e+00 1.381010e+00 1.171265e+01
1.171182e+01 4.862724e-01 0.000000e+00 7.874742e-01 7.654146e+05 4.706643e+05 2.141488e+05 0.000000e+00 1.382150e+00 1.171431e+01
1.171346e+01 4.854793e-01 0.000000e+00 7.891726e-01 7.644701e+05 4.704566e+05 2.136910e+05 0.000000e+00 1.381520e+00 1.171599e+01
1.171516e+01 4.836678e-01 0.000000e+00 7.921666e-01 7.640057e+05 4.710232e+05 2.133088e+05 0.000000e+00 1.381110e+00 1.171768e+01
1.171680e+01 4.821673e-01 0.000000e+00 7.944757e-01 7.634846e+05 4.714088e+05 2.129910e+05 0.000000e+00 1.381210e+00 1.171937e+01
1.171853e+01 4.804289e-01 0.000000e+00 7.979914e-01 7.636657e+05 4.723410e+05 2.126632e+05 0.000000e+00 1.380700e+00 1.172109e+01
1.172029e+01 4.783550e-01 0.000000e+00 8.013637e-01 7.636790e+05 4.733299e+05 2.123910e+05 0.000000e+00 1.380250e+00 1.172282e+01
1.172202e+01 4.752961e-01 0.000000e+00 8.040591e-01 7.652946e+05 4.757843e+05 2.129177e+05 0.000000e+00 1.380220e+00 1.172454e+01
1.172375e+01 4.738610e-01 0.000000e+00 8.076167e-01 7.648234e+05 4.761743e+05 2.123354e+05 0.000000e+00 1.380340e+00 1.172627e+01
1.172546e+01 4.746594e-01 0.000000e+00 8.097121e-01 7.625123e+05 4.743566e+05 2.110821e+05 0.000000e+00 1.379810e+00 1.172802e+01
1.172722e+01 4.733797e-01 0.000000e+00 8.106206e-01 7.624701e+05 4.749377e+05 2.111488e+05 0.000000e+00 1.379730e+00 1.172978e+01
1.172892e+01 4.724979e-01 0.000000e+00 8.116672e-01 7.623790e+05 4.752999e+05 2.110888e+05 0.000000e+00 1.379590e+00 1.173154e+01
1.173071e+01 4.716913e-01 0.000000e+00 8.135618e-01 7.620279e+05 4.754643e+05 2.107621e+05 0.000000e+00 1.379000e+00 1.173330e+01
1.173253e+01 4.703302e-01 0.000000e+00 8.144927e-01 7.625634e+05 4.764466e+05 2.110010e+05 0.000000e+00 1.378980e+00 1.173510e+01
1.173437e+01 4.698498e-01 0.000000e+00 8.145488e-01 7.622079e+05 4.764532e+05 2.109921e+05 0.000000e+00 1.378910e+00 1.173689e+01
1.173613e+01 4.695291e-01 0.000000e+00 8.137657e-01 7.620968e+05 4.765366e+05 2.111943e+05 0.000000e+00 1.378300e+00 1.173868e+01
1.173790e+01 4.694930e-01 0.000000e+00 8.132549e-01 7.613034e+05 4.760577e+05 2.110899e+05 0.000000e+00 1.378700e+00 1.174048e+01
1.173972e+01 4.693743e-01 0.000000e+00 8.112670e-01 7.616768e+05 4.763477e+05 2.116388e+05 0.000000e+00 1.378320e+00 1.174231e+01
1.174152e+01 4.693131e-01 0.000000e+00 8.096689e-01 7.616834e+05 4.763810e+05 2.119921e+05 0.000000e+00 1.377650e+00 1.174414e+01
1.174341e+01 4.696573e-01 0.000000e+00 8.083328e-01 7.613112e+05 4.759843e+05 2.120988e+05 0.000000e+00 1.377930e+00 1.174597e+01
1.174530e+01 4.703618e-01 0.000000e+00 8.070115e-01 7.608857e+05 4.753832e+05 2.121110e+05 0.000000e+00 1.377800e+00 1.174783e+01
1.174719e+01 4.700968e-01 0.000000e+00 8.075864e-01 7.612690e+05 4.757488e+05 2.121521e+05 0.000000e+00 1.377260e+00 1.174970e+01
1.174901e+01 4.708021e-01 0.000000e+00 8.091972e-01 7.610001e+05 4.752454e+05 2.115866e+05 0.000000e+00 1.377410e+00 1.175156e+01
1.175088e+01 4.713577e-01 0.000000e+00 8.106755e-01 7.609157e+05 4.749288e+05 2.111332e+05 0.000000e+00 1.377270e+00 1.175343e+01
1.175271e+01 4.718445e-01 0.000000e+00 8.127996e-01 7.611223e+05 4.748266e+05 2.106399e+05 0.000000e+00 1.376740e+00 1.175533e+01
1.175460e+01 4.727784e-01 0.000000e+00 8.138346e-01 7.601523e+05 4.737788e+05 2.099577e+05 0.000000e+00 1.377000e+00 1.175719e+01
1.175655e+01 4.742261e-01 0.000000e+00 8.140440e-01 7.595112e+05 4.726943e+05 2.094332e+05 0.000000e+00 1.376880e+00 1.175913e+01
1.175850e+01 4.741985e-01 0.000000e+00 8.118966e-01 7.603579e+05 4.732343e+05 2.101232e+05 0.000000e+00 1.376220e+00 1.176103e+01
1.176037e+01 4.746268e-01 0.000000e+00 8.072486e-01 7.594423e+05 4.724621e+05 2.107577e+05 0.000000e+00 1.376820e+00 1.176293e+01
1.176229e+01 4.759056e-01 0.000000e+00 8.006307e-01 7.595879e+05 4.719488e+05 2.119266e+05 0.000000e+00 1.376660e+00 1.176487e+01
1.176418e+01 4.754466e-01 0.000000e+00 7.927475e-01 7.607301e+05 4.728754e+05 2.140232e+05 0.000000e+00 1.376180e+00 1.176681e+01
1.176614e+01 4.764843e-01 0.000000e+00 7.843900e-01 7.595534e+05 4.716543e+05 2.152621e+05 0.000000e+00 1.376250e+00 1.176878e+01
1.176816e+01 4.760084e-01 0.000000e+00 7.785599e-01 7.604279e+05 4.724221e+05 2.168732e+05 0.000000e+00 1.376120e+00 1.177075e+01
1.177014e+01 4.769912e-01 0.000000e+00 7.728584e-01 7.597523e+05 4.715388e+05 2.177054e+05 0.000000e+00 1.375790e+00 1.177269e+01
1.177213e+01 4.763680e-01 0.000000e+00 7.680474e-01 7.595223e+05 4.716899e+05 2.188254e+05 0.000000e+00 1.375720e+00 1.177469e+01
1.177409e+01 4.765363e-01 0.000000e+00 7.654668e-01 7.588234e+05 4.711766e+05 2.191521e+05 0.000000e+00 1.375550e+00 1.177667e+01
1.177608e+01 4.752756e-01 0.000000e+00 7.631515e-01 7.585912e+05 4.716266e+05 2.198699e+05 0.000000e+00 1.375700e+00 1.177868e+01
1.177807e+01 4.745934e-01 0.000000e+00 7.604756e-01 7.586079e+05 4.719588e+05 2.206143e+05 0.000000e+00 1.375090e+00 1.178068e+01
1.178013e+01 4.734241e-01 0.000000e+00 7.584509e-01 7.583368e+05 4.723421e+05 2.212410e+05 0.000000e+00 1.375110e+00 1.178269e+01
1.178217e+01 4.723229e-01 0.000000e+00 7.568172e-01 7.580546e+05 4.726866e+05 2.217643e+05 0.000000e+00 1.375220e+00 1.178470e+01
1.178419e+01 4.708997e-01 0.000000e+00 7.556138e-01 7.580246e+05 4.733410e+05 2.223388e+05 0.000000e+00 1.374780e+00 1.178675e+01
1.178621e+01 4.685093e-01 0.000000e+00 7.543027e-01 7.591490e+05 4.751777e+05 2.234943e+05 0.000000e+00 1.374250e+00 1.178879e+01
1.178822e+01 4.658040e-01 0.000000e+00 7.542916e-01 7.604546e+05 4.772843e+05 2.244877e+05 0.000000e+00 1.374170e+00 1.179084e+01
1.179029e+01 4.643626e-01 0.000000e+00 7.536599e-01 7.604234e+05 4.779532e+05 2.249443e+05 0.000000e+00 1.373440e+00 1.179292e+01
1.179237e+01 4.624760e-01 0.000000e+00 7.535202e-01 7.601512e+05 4.786843e+05 2.253199e+05 0.000000e+00 1.373010e+00 1.179496e+01
1.179449e+01 4.607880e-01 0.000000e+00 7.535357e-01 7.600634e+05 4.794377e+05 2.256710e+05 0.000000e+00 1.373220e+00 1.179705e+01
1.179658e+01 4.594511e-01 0.000000e+00 7.538828e-01 7.602723e+05 4.802110e+05 2.259566e+05 0.000000e+00 1.372870e+00 1.179916e+01
1.179863e+01 4.576105e-01 0.000000e+00 7.560829e-01 7.599734e+05 4.809066e+05 2.257866e+05 0.000000e+00 1.372400e+00 1.180124e+01
1.180072e+01 4.553317e-01 0.000000e+00 7.586233e-01 7.602846e+05 4.822010e+05 2.258199e+05 0.000000e+00 1.372470e+00 1.180336e+01
1.180287e+01 4.545248e-01 0.000000e+00 7.612826e-01 7.600301e+05 4.824288e+05 2.253266e+05 0.000000e+00 1.371810e+00 1.180548e+01
1.180502e+01 4.536942e-01 0.000000e+00 7.646126e-01 7.581223e+05 4.816177e+05 2.241999e+05 0.000000e+00 1.371530e+00 1.180760e+01
1.180723e+01 4.509945e-01 0.000000e+00 7.689973e-01 7.590246e+05 4.834943e+05 2.240888e+05 0.000000e+00 1.371040e+00 1.180975e+01
1.180932e+01 4.504446e-01 0.000000e+00 7.730382e-01 7.590012e+05 4.837454e+05 2.233010e+05 0.000000e+00 1.369870e+00 1.181190e+01
1.181148e+01 4.491175e-01 0.000000e+00 7.766676e-01 7.589034e+05 4.843254e+05 2.227588e+05 0.000000e+00 1.369260e+00 1.181406e+01
1.181360e+01 4.473557e-01 0.000000e+00 7.793217e-01 7.586034e+05 4.849877e+05 2.224721e+05 0.000000e+00 1.369020e+00 1.181621e+01
1.181581e+01 4.463737e-01 0.000000e+00 7.795876e-01 7.585412e+05 4.854243e+05 2.226132e+05 0.000000e+00 1.368910e+00 1.181837e+01
1.181803e+01 4.448905e-01 0.000000e+00 7.793331e-01 7.584034e+05 4.860566e+05 2.229599e+05 0.000000e+00 1.368430e+00 1.182056e+01
1.182021e+01 4.448394e-01 0.000000e+00 7.778329e-01 7.563901e+05 4.847910e+05 2.227132e+05 0.000000e+00 1.368380e+00 1.182275e+01
1.182240e+01 4.444588e-01 0.000000e+00 7.741943e-01 7.551301e+05 4.841677e+05 2.232377e+05 0.000000e+00 1.368300e+00 1.182498e+01
1.182456e+01 4.434752e-01 1.324864e-06 7.704374e-01 7.547946e+05 4.844288e+05 2.241988e+05 1.000000e+00 1.368000e+00 1.182717e+01
1.182678e+01 4.418837e-01 0.000000e+00 7.656733e-01 7.549079e+05 4.852732e+05 2.256621e+05 0.000000e+00 1.367390e+00 1.182940e+01
1.182906e+01 4.405555e-01 0.000000e+00 7.604515e-01 7.548501e+05 4.858810e+05 2.271277e+05 0.000000e+00 1.367240e+00 1.183163e+01
1.183131e+01 4.384570e-01 0.000000e+00 7.534481e-01 7.563357e+05 4.878599e+05 2.296554e+05 0.000000e+00 1.367120e+00 1.183386e+01
1.183353e+01 4.389214e-01 0.000000e+00 7.469994e-01 7.543001e+05 4.863210e+05 2.304121e+05 0.000000e+00 1.366430e+00 1.183612e+01
1.183578e+01 4.378062e-01 0.000000e+00 7.398568e-01 7.537968e+05 4.865388e+05 2.321677e+05 0.000000e+00 1.366060e+00 1.183839e+01
1.183801e+01 4.366388e-01 0.000000e+00 7.335712e-01 7.533523e+05 4.868199e+05 2.337666e+05 0.000000e+00 1.366220e+00 1.184065e+01
1.184035e+01 4.344801e-01 0.000000e+00 7.284207e-01 7.543923e+05 4.885454e+05 2.358066e+05 0.000000e+00 1.365940e+00 1.184292e+01
1.184267e+01 4.329335e-01 0.000000e+00 7.240347e-01 7.547323e+05 4.895221e+05 2.373166e+05 0.000000e+00 1.365350e+00 1.184522e+01
1.184492e+01 4.328803e-01 0.000000e+00 7.216127e-01 7.529123e+05 4.883677e+05 2.373310e+05 0.000000e+00 1.365590e+00 1.184749e+01
1.184721e+01 4.322905e-01 0.000000e+00 7.203501e-01 7.490701e+05 4.861621e+05 2.365577e+05 0.000000e+00 1.365040e+00 1.184979e+01
1.184950e+01 4.311886e-01 0.000000e+00 7.193645e-01 7.520057e+05 4.886054e+05 2.379810e+05 0.000000e+00 1.364630e+00 1.185213e+01
1.185185e+01 4.297891e-01 0.000000e+00 7.201456e-01 7.525268e+05 4.896288e+05 2.382932e+05 0.000000e+00 1.364360e+00 1.185444e+01
1.185420e+01 4.290960e-01 0.000000e+00 7.206767e-01 7.517068e+05 4.894343e+05 2.380721e+05 0.000000e+00 1.364740e+00 1.185678e+01
1.185655e+01 4.284080e-01 0.000000e+00 7.209606e-01 7.515223e+05 4.896510e+05 2.381099e+05 0.000000e+00 1.364370e+00 1.185912e+01
1.185885e+01 4.277346e-01 0.000000e+00 7.206737e-01 7.495712e+05 4.887088e+05 2.377199e+05 0.000000e+00 1.363240e+00 1.186146e+01
1.186119e+01 4.258183e-01 0.000000e+00 7.185814e-01 7.498457e+05 4.898254e+05 2.387621e+05 0.000000e+00 1.365180e+00 1.186384e+01
1.186357e+01 4.258413e-01 0.000000e+00 7.154557e-01 7.511301e+05 4.906532e+05 2.399143e+05 0.000000e+00 1.364100e+00 1.186622e+01
1.186598e+01 4.256783e-01 0.000000e+00 7.129248e-01 7.506012e+05 4.903877e+05 2.403921e+05 0.000000e+00 1.363680e+00 1.186859e+01
1.186842e+01 4.246947e-01 0.000000e+00 7.099087e-01 7.504834e+05 4.907932e+05 2.413177e+05 0.000000e+00 1.363400e+00 1.187097e+01
1.187078e+01 4.240870e-01 0.000000e+00 7.085711e-01 7.504079e+05 4.910421e+05 2.417632e+05 0.000000e+00 1.363430e+00 1.187339e+01
1.187314e+01 4.236482e-01 0.000000e+00 7.086066e-01 7.502501e+05 4.911543e+05 2.418099e+05 0.000000e+00 1.363320e+00 1.187577e+01
1.187556e+01 4.234708e-01 0.000000e+00 7.095729e-01 7.497623e+05 4.909221e+05 2.414621e+05 0.000000e+00 1.362720e+00 1.187819e+01
1.187808e+01 4.230605e-01 0.000000e+00 7.112464e-01 7.496668e+05 4.910610e+05 2.411266e+05 0.000000e+00 1.362390e+00 1.188064e+01
1.188053e+01 4.218435e-01 0.000000e+00 7.126526e-01 7.506068e+05 4.922754e+05 2.413832e+05 0.000000e+00 1.362410e+00 1.188306e+01
1.188292e+01 4.207360e-01 0.000000e+00 7.147574e-01 7.510790e+05 4.931310e+05 2.412943e+05 0.000000e+00 1.362270e+00 1.188551e+01
1.188538e+01 4.203892e-01 0.000000e+00 7.167086e-01 7.507712e+05 4.930999e+05 2.408088e+05 0.000000e+00 1.362180e+00 1.188797e+01
1.188781e+01 4.209027e-01 0.000000e+00 7.179733e-01 7.457846e+05 4.895732e+05 2.387843e+05 0.000000e+00 1.361350e+00 1.189042e+01
1.189036e+01 4.193728e-01 0.000000e+00 7.193258e-01 7.491601e+05 4.925421e+05 2.399077e+05 0.000000e+00 1.361870e+00 1.189291e+01
1.189285e+01 4.182739e-01 0.000000e+00 7.209286e-01 7.505201e+05 4.939788e+05 2.402221e+05 0.000000e+00 1.361910e+00 1.189537e+01
1.189527e+01 4.184183e-01 0.000000e+00 7.215327e-01 7.491123e+05 4.929810e+05 2.395921e+05 0.000000e+00 1.361300e+00 1.189786e+01
1.189777e+01 4.173301e-01 0.000000e+00 7.204019e-01 7.491712e+05 4.935566e+05 2.401432e+05 0.000000e+00 1.361030e+00 1.190039e+01
1.190026e+01 4.166720e-01 0.000000e+00 7.185792e-01 7.452957e+05 4.913266e+05 2.394943e+05 0.000000e+00 1.360920e+00 1.190289e+01
1.190283e+01 4.155246e-01 0.000000e+00 7.156120e-01 7.484612e+05 4.939799e+05 2.415032e+05 0.000000e+00 1.360860e+00 1.190542e+01
1.190540e+01 4.152252e-01 0.000000e+00 7.108542e-01 7.479646e+05 4.937999e+05 2.425666e+05 0.000000e+00 1.360640e+00 1.190795e+01
1.190789e+01 4.144815e-01 0.000000e+00 7.063181e-01 7.471612e+05 4.936366e+05 2.435888e+05 0.000000e+00 1.360210e+00 1.191048e+01
1.191040e+01 4.125632e-01 0.000000e+00 6.988720e-01 7.474834e+05 4.947977e+05 2.459866e+05 0.000000e+00 1.360250e+00 1.191302e+01
1.191299e+01 4.115083e-01 0.000000e+00 6.924921e-01 7.469334e+05 4.949554e+05 2.476399e+05 0.000000e+00 1.360080e+00 1.191559e+01
1.191561e+01 4.100896e-01 0.000000e+00 6.869212e-01 7.463634e+05 4.952799e+05 2.491866e+05 0.000000e+00 1.359910e+00 1.191816e+01
1.191821e+01 4.074768e-01 0.000000e+00 6.819543e-01 7.396112e+05 4.920832e+05 2.488110e+05 0.000000e+00 1.360450e+00 1.192073e+01
1.192073e+01 4.072033e-01 0.000000e+00 6.786408e-01 7.467834e+05 4.969910e+05 2.521266e+05 0.000000e+00 1.359430e+00 1.192330e+01
1.192327e+01 4.056331e-01 0.000000e+00 6.758519e-01 7.457601e+05 4.970899e+05 2.528810e+05 0.000000e+00 1.359400e+00 1.192591e+01
1.192593e+01 4.039842e-01 0.000000e+00 6.745457e-01 7.457779e+05 4.979221e+05 2.536354e+05 0.000000e+00 1.358490e+00 1.192852e+01
1.192856e+01 4.023695e-01 0.000000e+00 6.740161e-01 7.462246e+05 4.990254e+05 2.543321e+05 0.000000e+00 1.358650e+00 1.193113e+01
1.193116e+01 4.009259e-01 0.000000e+00 6.735026e-01 7.458034e+05 4.994643e+05 2.546866e+05 0.000000e+00 1.358720e+00 1.193374e+01
1.193379e+01 3.992949e-01 0.000000e+00 6.731695e-01 7.455123e+05 5.000843e+05 2.550877e+05 0.000000e+00 1.358280e+00 1.193639e+01
1.193633e+01 3.966936e-01 0.000000e+00 6.726823e-01 7.470301e+05 5.024077e+05 2.563977e+05 0.000000e+00 1.357970e+00 1.193900e+01
1.193910e+01 3.964992e-01 0.000000e+00 6.720937e-01 7.439579e+05 5.004388e+05 2.555432e+05 0.000000e+00 1.358000e+00 1.194168e+01
1.194179e+01 3.952253e-01 0.000000e+00 6.712240e-01 7.444823e+05 5.014299e+05 2.562721e+05 0.000000e+00 1.357780e+00 1.194433e+01
1.194439e+01 3.940657e-01 0.000000e+00 6.700160e-01 7.440034e+05 5.016888e+05 2.567143e+05 0.000000e+00 1.357560e+00 1.194699e+01
1.194708e+01 3.923013e-01 0.000000e+00 6.685267e-01 7.442957e+05 5.027721e+05 2.576521e+05 0.000000e+00 1.357060e+00 1.194967e+01
1.194976e+01 3.912086e-01 0.000000e+00 6.664636e-01 7.435534e+05 5.028199e+05 2.582088e+05 0.000000e+00 1.356800e+00 1.195236e+01
1.195249e+01 3.896533e-01 0.000000e+00 6.632059e-01 7.438268e+05 5.037877e+05 2.595499e+05 0.000000e+00 1.356910e+00 1.195505e+01
1.195525e+01 3.885381e-01 0.000000e+00 6.605483e-01 7.434779e+05 5.041132e+05 2.604088e+05 0.000000e+00 1.356330e+00 1.195778e+01
1.195790e+01 3.871765e-01 0.000000e+00 6.581753e-01 7.423468e+05 5.040321e+05 2.609854e+05 0.000000e+00 1.355000e+00 1.196047e+01
1.196056e+01 3.847352e-01 0.000000e+00 6.572072e-01 7.411146e+05 5.044254e+05 2.614421e+05 0.000000e+00 1.356800e+00 1.196320e+01
1.196334e+01 3.843978e-01 0.000000e+00 6.567291e-01 7.433712e+05 5.061321e+05 2.624521e+05 0.000000e+00 1.355590e+00 1.196593e+01
1.196614e+01 3.826739e-01 0.000000e+00 6.581372e-01 7.435423e+05 5.071221e+05 2.625954e+05 0.000000e+00 1.355310e+00 1.196869e+01
1.196882e+01 3.816088e-01 0.000000e+00 6.583777e-01 7.437468e+05 5.078021e+05 2.628843e+05 0.000000e+00 1.354960e+00 1.197142e+01
1.197159e+01 3.805842e-01 0.000000e+00 6.591305e-01 7.432712e+05 5.079977e+05 2.627877e+05 0.000000e+00 1.354490e+00 1.197419e+01
1.197433e+01 3.798054e-01 0.000000e+00 6.596515e-01 7.428534e+05 5.081077e+05 2.627077e+05 0.000000e+00 1.354020e+00 1.197696e+01
1.197720e+01 3.789398e-01 0.000000e+00 6.590214e-01 7.422546e+05 5.081377e+05 2.628888e+05 0.000000e+00 1.353970e+00 1.197977e+01
1.198001e+01 3.781681e-01 0.000000e+00 6.582728e-01 7.415279e+05 5.080321e+05 2.630310e+05 0.000000e+00 1.353630e+00 1.198254e+01
1.198279e+01 3.770961e-01 0.000000e+00 6.567385e-01 7.415223e+05 5.085732e+05 2.637154e+05 0.000000e+00 1.352980e+00 1.198535e+01
1.198554e+01 3.755936e-01 0.000000e+00 6.559463e-01 7.413812e+05 5.092410e+05 2.642710e+05 0.000000e+00 1.352830e+00 1.198815e+01
1.198841e+01 3.751046e-01 0.000000e+00 6.554737e-01 7.365612e+05 5.061777e+05 2.628054e+05 0.000000e+00 1.352570e+00 1.199097e+01
1.199129e+01 3.737602e-01 0.000000e+00 6.543560e-01 7.411212e+05 5.099966e+05 2.650843e+05 0.000000e+00 1.352230e+00 1.199381e+01
1.199406e+01 3.725042e-01 0.000000e+00 6.528604e-01 7.406957e+05 5.103443e+05 2.656621e+05 0.000000e+00 1.351840e+00 1.199662e+01
1.199688e+01 3.712442e-01 0.000000e+00 6.505838e-01 7.367657e+05 5.082766e+05 2.651888e+05 0.000000e+00 1.351650e+00 1.199947e+01
1.199975e+01 3.706826e-01 0.000000e+00 6.474374e-01 7.399223e+05 5.107410e+05 2.673143e+05 0.000000e+00 1.351360e+00 1.200236e+01
1.200265e+01 3.690264e-01 0.000000e+00 6.430977e-01 7.404946e+05 5.119832e+05 2.691299e+05 0.000000e+00 1.351010e+00 1.200521e+01
1.200553e+01 3.682724e-01 0.000000e+00 6.387475e-01 7.396779e+05 5.118043e+05 2.702088e+05 0.000000e+00 1.350610e+00 1.200810e+01
1.200838e+01 3.665998e-01 0.000000e+00 6.333941e-01 7.400112e+05 5.128921e+05 2.722366e+05 0.000000e+00 1.350240e+00 1.201095e+01
1.201122e+01 3.649027e-01 0.000000e+00 6.281269e-01 7.403312e+05 5.139854e+05 2.742577e+05 0.000000e+00 1.350180e+00 1.201384e+01
1.201424e+01 3.650190e-01 0.000000e+00 6.225792e-01 7.381557e+05 5.124154e+05 2.749410e+05 0.000000e+00 1.349510e+00 1.201677e+01
1.201717e+01 3.638893e-01 0.000000e+00 6.168030e-01 7.383934e+05 5.131599e+05 2.769354e+05 0.000000e+00 1.349450e+00 1.201967e+01
1.202006e+01 3.619987e-01 0.000000e+00 6.129284e-01 7.389057e+05 5.144877e+05 2.787299e+05 0.000000e+00 1.349190e+00 1.202260e+01
1.202295e+01 3.606949e-01 0.000000e+00 6.098249e-01 7.383923e+05 5.148010e+05 2.797666e+05 0.000000e+00 1.348960e+00 1.202553e+01
1.202594e+01 3.598685e-01 0.000000e+00 6.082757e-01 7.383079e+05 5.151677e+05 2.803999e+05 0.000000e+00 1.348760e+00 1.202846e+01
1.202892e+01 3.590675e-01 0.000000e+00 6.067392e-01 7.378568e+05 5.152654e+05 2.808843e+05 0.000000e+00 1.348100e+00 1.203143e+01
1.203182e+01 3.581963e-01 0.000000e+00 6.062870e-01 7.371490e+05 5.152199e+05 2.809866e+05 0.000000e+00 1.347830e+00 1.203437e+01
1.203475e+01 3.564036e-01 0.000000e+00 6.061170e-01 7.372601e+05 5.162221e+05 2.815810e+05 0.000000e+00 1.347630e+00 1.203734e+01
1.203774e+01 3.547642e-01 0.000000e+00 6.057232e-01 7.373246e+05 5.171143e+05 2.821788e+05 0.000000e+00 1.347540e+00 1.204031e+01
1.204080e+01 3.537440e-01 0.000000e+00 6.054808e-01 7.373657e+05 5.176710e+05 2.825510e+05 0.000000e+00 1.347430e+00 1.204332e+01
1.204376e+01 3.538874e-01 0.000000e+00 6.050205e-01 7.355957e+05 5.163543e+05 2.819621e+05 0.000000e+00 1.346790e+00 1.204630e+01
1.204676e+01 3.522779e-01 0.000000e+00 6.048879e-01 7.358634e+05 5.173743e+05 2.825566e+05 0.000000e+00 1.346390e+00 1.204931e+01
1.204976e+01 3.507071e-01 0.000000e+00 6.047173e-01 7.357357e+05 5.180977e+05 2.829999e+05 0.000000e+00 1.346190e+00 1.205233e+01
1.205285e+01 3.496275e-01 0.000000e+00 6.043992e-01 7.285379e+05 5.135832e+05 2.806232e+05 0.000000e+00 1.344950e+00 1.205534e+01
1.205592e+01 3.482634e-01 0.000000e+00 6.032807e-01 7.356257e+05 5.192877e+05 2.840577e+05 0.000000e+00 1.346050e+00 1.205840e+01
1.205889e+01 3.476755e-01 0.000000e+00 6.024691e-01 7.345279e+05 5.188177e+05 2.840310e+05 0.000000e+00 1.345560e+00 1.206141e+01
1.206190e+01 3.459161e-01 0.000000e+00 6.021389e-01 7.350190e+05 5.200788e+05 2.848154e+05 0.000000e+00 1.345360e+00 1.206447e+01
1.206503e+01 3.448941e-01 0.000000e+00 6.011367e-01 7.342023e+05 5.200321e+05 2.850754e+05 0.000000e+00 1.345160e+00 1.206753e+01
1.206813e+01 3.436283e-01 0.000000e+00 5.997254e-01 7.340946e+05 5.206143e+05 2.857977e+05 0.000000e+00 1.344770e+00 1.207062e+01
1.207114e+01 3.415152e-01 0.000000e+00 5.975663e-01 7.344946e+05 5.219999e+05 2.871777e+05 0.000000e+00 1.344000e+00 1.207368e+01
1.207418e+01 3.387047e-01 0.000000e+00 5.968921e-01 7.356634e+05 5.243021e+05 2.886388e+05 0.000000e+00 1.343890e+00 1.207678e+01
1.207739e+01 3.385777e-01 0.000000e+00 5.949699e-01 7.340190e+05 5.231966e+05 2.885843e+05 0.000000e+00 1.343630e+00 1.207988e+01
1.208053e+01 3.368102e-01 0.000000e+00 5.939147e-01 7.314934e+05 5.223188e+05 2.884043e+05 0.000000e+00 1.343520e+00 1.208298e+01
1.208358e+01 3.359422e-01 0.000000e+00 5.917822e-01 7.325612e+05 5.235354e+05 2.896932e+05 0.000000e+00 1.342870e+00 1.208608e+01
1.208666e+01 3.348748e-01 0.000000e+00 5.894648e-01 7.317968e+05 5.235477e+05 2.903721e+05 0.000000e+00 1.342530e+00 1.208922e+01
1.208990e+01 3.331356e-01 0.000000e+00 5.864726e-01 7.316368e+05 5.243443e+05 2.916854e+05 0.000000e+00 1.342180e+00 1.209236e+01
1.209308e+01 3.315721e-01 0.000000e+00 5.830967e-01 7.307801e+05 5.245499e+05 2.927866e+05 0.000000e+00 1.342340e+00 1.209551e+01
1.209616e+01 3.299477e-01 0.000000e+00 5.797882e-01 7.201112e+05 5.177321e+05 2.899388e+05 0.000000e+00 1.342090e+00 1.209865e+01
1.209928e+01 3.284416e-01 0.000000e+00 5.765801e-01 7.306857e+05 5.261266e+05 2.955866e+05 0.000000e+00 1.341450e+00 1.210183e+01
1.210253e+01 3.265689e-01 0.000000e+00 5.734689e-01 7.283868e+05 5.254543e+05 2.961288e+05 0.000000e+00 1.340830e+00 1.210502e+01
1.210572e+01 3.243516e-01 0.000000e+00 5.703174e-01 7.306601e+05 5.282643e+05 2.986521e+05 0.000000e+00 1.339930e+00 1.210817e+01
1.210887e+01 3.221215e-01 0.000000e+00 5.670613e-01 7.308557e+05 5.295854e+05 3.003754e+05 0.000000e+00 1.340590e+00 1.211139e+01
1.211202e+01 3.219191e-01 0.000000e+00 5.646495e-01 7.293034e+05 5.285677e+05 3.005221e+05 0.000000e+00 1.340230e+00 1.211458e+01
1.211532e+01 3.203121e-01 0.000000e+00 5.609358e-01 7.296523e+05 5.296710e+05 3.022699e+05 0.000000e+00 1.339700e+00 1.211780e+01
1.211857e+01 3.185507e-01 0.000000e+00 5.582197e-01 7.275034e+05 5.290421e+05 3.027321e+05 0.000000e+00 1.339010e+00 1.212099e+01
1.212174e+01 3.165423e-01 0.000000e+00 5.552373e-01 7.292857e+05 5.314043e+05 3.049921e+05 0.000000e+00 1.339090e+00 1.212422e+01
1.212497e+01 3.156903e-01 0.000000e+00 5.522134e-01 7.281557e+05 5.310332e+05 3.057021e+05 0.000000e+00 1.338970e+00 1.212749e+01
1.212827e+01 3.144298e-01 0.000000e+00 5.489661e-01 7.283979e+05 5.318799e+05 3.071854e+05 0.000000e+00 1.338020e+00 1.213072e+01
1.213157e+01 3.128656e-01 0.000000e+00 5.458209e-01 7.281512e+05 5.325321e+05 3.085310e+05 0.000000e+00 1.338560e+00 1.213399e+01
1.213479e+01 3.123191e-01 0.000000e+00 5.437275e-01 7.230068e+05 5.290588e+05 3.071610e+05 0.000000e+00 1.337220e+00 1.213726e+01
1.213800e+01 3.099036e-01 0.000000e+00 5.419689e-01 7.286212e+05 5.344566e+05 3.108410e+05 0.000000e+00 1.336960e+00 1.214053e+01
1.214133e+01 3.097929e-01 0.000000e+00 5.402146e-01 7.265201e+05 5.329743e+05 3.105232e+05 0.000000e+00 1.337090e+00 1.214381e+01
1.214467e+01 3.064356e-01 0.000000e+00 5.392431e-01 7.071346e+05 5.204977e+05 3.035488e+05 0.000000e+00 1.340620e+00 1.214712e+01
1.214791e+01 3.073388e-01 0.000000e+00 5.381768e-01 7.250446e+05 5.331988e+05 3.112877e+05 0.000000e+00 1.337120e+00 1.215040e+01
1.215118e+01 3.058291e-01 0.000000e+00 5.368179e-01 7.262423e+05 5.348866e+05 3.126977e+05 0.000000e+00 1.336590e+00 1.215371e+01
1.215459e+01 3.048870e-01 0.000000e+00 5.356336e-01 7.258946e+05 5.351343e+05 3.132132e+05 0.000000e+00 1.336270e+00 1.215703e+01
1.215797e+01 3.035882e-01 0.000000e+00 5.343947e-01 7.256268e+05 5.356321e+05 3.138932e+05 0.000000e+00 1.336100e+00 1.216039e+01
1.216128e+01 3.026579e-01 0.000000e+00 5.336016e-01 7.253234e+05 5.359066e+05 3.143032e+05 0.000000e+00 1.335860e+00 1.216371e+01
1.216462e+01 3.011388e-01 0.000000e+00 5.325541e-01 7.256279e+05 5.369466e+05 3.152432e+05 0.000000e+00 1.335480e+00 1.216707e+01
1.216807e+01 2.996761e-01 0.000000e+00 5.321229e-01 7.250846e+05 5.373299e+05 3.156043e+05 0.000000e+00 1.334960e+00 1.217043e+01
1.217142e+01 2.979224e-01 0.000000e+00 5.308759e-01 7.252001e+05 5.383588e+05 3.166032e+05 0.000000e+00 1.335180e+00 1.217379e+01
1.217477e+01 2.969397e-01 0.000000e+00 5.299473e-01 7.255046e+05 5.391143e+05 3.173421e+05 0.000000e+00 1.334310e+00 1.217719e+01
1.217818e+01 2.958422e-01 0.000000e+00 5.291161e-01 7.246923e+05 5.391021e+05 3.175988e+05 0.000000e+00 1.334440e+00 1.218056e+01
1.218164e+01 2.938661e-01 0.000000e+00 5.274524e-01 7.215668e+05 5.378388e+05 3.173821e+05 0.000000e+00 1.334290e+00 1.218396e+01
1.218503e+01 2.928327e-01 0.000000e+00 5.258925e-01 7.247246e+05 5.407510e+05 3.195988e+05 0.000000e+00 1.333580e+00 1.218737e+01
1.218842e+01 2.916173e-01 0.000000e+00 5.244435e-01 7.241179e+05 5.409554e+05 3.201832e+05 0.000000e+00 1.332910e+00 1.219078e+01
1.219195e+01 2.902628e-01 0.000000e+00 5.226403e-01 7.236234e+05 5.413188e+05 3.209766e+05 0.000000e+00 1.332580e+00 1.219422e+01
1.219544e+01 2.887834e-01 0.000000e+00 5.207319e-01 7.233057e+05 5.418821e+05 3.219243e+05 0.000000e+00 1.332270e+00 1.219764e+01
1.219884e+01 2.866612e-01 0.000000e+00 5.180976e-01 7.239034e+05 5.434821e+05 3.237266e+05 0.000000e+00 1.331910e+00 1.220109e+01
1.220224e+01 2.859000e-01 0.000000e+00 5.143730e-01 7.226546e+05 5.429577e+05 3.246210e+05 0.000000e+00 1.331770e+00 1.220454e+01
1.220577e+01 2.840564e-01 0.000000e+00 5.116315e-01 7.226801e+05 5.439788e+05 3.261243e+05 0.000000e+00 1.330970e+00 1.220799e+01
1.220930e+01 2.822533e-01 0.000000e+00 5.079378e-01 7.225923e+05 5.448943e+05 3.278821e+05 0.000000e+00 1.330530e+00 1.221148e+01
1.221271e+01 2.802075e-01 0.000000e+00 5.047853e-01 7.233257e+05 5.465643e+05 3.299254e+05 0.000000e+00 1.330370e+00 1.221494e+01
1.221617e+01 2.790762e-01 0.000000e+00 5.013389e-01 7.223257e+05 5.464266e+05 3.309810e+05 0.000000e+00 1.330480e+00 1.221844e+01
1.221975e+01 2.780444e-01 0.000000e+00 4.978529e-01 7.214957e+05 5.463621e+05 3.320977e+05 0.000000e+00 1.330080e+00 1.222194e+01
1.222326e+01 2.763256e-01 0.000000e+00 4.949627e-01 7.213112e+05 5.471621e+05 3.335466e+05 0.000000e+00 1.329730e+00 1.222547e+01
1.222676e+01 2.750874e-01 0.000000e+00 4.925159e-01 7.209468e+05 5.475632e+05 3.346088e+05 0.000000e+00 1.329350e+00 1.222898e+01
1.223035e+01 2.736552e-01 0.000000e+00 4.893066e-01 7.206512e+05 5.481232e+05 3.360277e+05 0.000000e+00 1.328810e+00 1.223252e+01
1.223396e+01 2.720698e-01 0.000000e+00 4.867581e-01 7.199968e+05 5.484943e+05 3.371132e+05 0.000000e+00 1.328990e+00 1.223606e+01
1.223742e+01 2.707921e-01 0.000000e+00 4.847756e-01 7.192901e+05 5.486566e+05 3.378821e+05 0.000000e+00 1.328690e+00 1.223960e+01
1.224092e+01 2.689223e-01 0.000000e+00 4.820570e-01 7.199034e+05 5.501521e+05 3.397254e+05 0.000000e+00 1.328730e+00 1.224315e+01
1.224456e+01 2.677771e-01 0.000000e+00 4.803712e-01 7.194179e+05 5.504110e+05 3.404588e+05 0.000000e+00 1.328190e+00 1.224670e+01
1.224815e+01 2.661239e-01 0.000000e+00 4.769093e-01 7.190690e+05 5.510543e+05 3.420388e+05 0.000000e+00 1.327860e+00 1.225028e+01
1.225167e+01 2.643061e-01 0.000000e+00 4.739912e-01 7.190612e+05 5.520510e+05 3.436588e+05 0.000000e+00 1.327850e+00 1.225387e+01
1.225524e+01 2.631720e-01 0.000000e+00 4.709489e-01 7.182823e+05 5.520788e+05 3.447232e+05 0.000000e+00 1.327820e+00 1.225746e+01
1.225893e+01 2.601887e-01 0.000000e+00 4.679062e-01 7.196234e+05 5.547621e+05 3.474543e+05 0.000000e+00 1.327690e+00 1.226106e+01
1.226253e+01 2.600779e-01 0.000000e+00 4.648570e-01 7.180046e+05 5.535754e+05 3.477699e+05 0.000000e+00 1.327380e+00 1.226469e+01
1.226609e+01 2.574923e-01 0.000000e+00 4.632922e-01 7.191246e+05 5.558743e+05 3.497610e+05 0.000000e+00 1.327010e+00 1.226829e+01
1.226979e+01 2.568169e-01 0.000000e+00 4.614703e-01 7.172557e+05 5.548043e+05 3.497243e+05 0.000000e+00 1.326980e+00 1.227192e+01
1.227346e+01 2.552175e-01 0.000000e+00 4.598720e-01 7.146523e+05 5.536754e+05 3.495710e+05 0.000000e+00 1.327040e+00 1.227556e+01
1.227704e+01 2.539200e-01 0.000000e+00 4.583641e-01 7.162179e+05 5.556088e+05 3.513210e+05 0.000000e+00 1.326400e+00 1.227920e+01
1.228064e+01 2.528732e-01 0.000000e+00 4.576455e-01 7.151423e+05 5.553554e+05 3.514132e+05 0.000000e+00 1.326360e+00 1.228288e+01
1.228439e+01 2.508144e-01 0.000000e+00 4.561204e-01 7.160446e+05 5.572021e+05 3.531199e+05 0.000000e+00 1.326000e+00 1.228656e+01
1.228805e+01 2.496005e-01 0.000000e+00 4.563864e-01 7.152401e+05 5.572521e+05 3.530577e+05 0.000000e+00 1.325660e+00 1.229021e+01
1.229171e+01 2.483804e-01 0.000000e+00 4.554225e-01 7.143423e+05 5.572321e+05 3.533854e+05 0.000000e+00 1.324820e+00 1.229390e+01
1.229543e+01 2.466679e-01 0.000000e+00 4.543540e-01 7.139846e+05 5.579077e+05 3.541921e+05 0.000000e+00 1.324400e+00 1.229762e+01
1.229921e+01 2.444638e-01 0.000000e+00 4.540210e-01 7.140968e+05 5.592266e+05 3.551477e+05 0.000000e+00 1.324370e+00 1.230131e+01
1.230287e+01 2.426421e-01 0.000000e+00 4.528951e-01 7.141468e+05 5.602854e+05 3.562210e+05 0.000000e+00 1.324000e+00 1.230504e+01
1.230652e+01 2.415060e-01 0.000000e+00 4.508957e-01 7.116468e+05 5.589588e+05 3.560888e+05 0.000000e+00 1.323300e+00 1.230873e+01
1.231034e+01 2.405788e-01 0.000000e+00 4.494209e-01 7.016368e+05 5.516077e+05 3.519243e+05 0.000000e+00 1.322300e+00 1.231247e+01
1.231411e+01 2.381233e-01 0.000000e+00 4.471238e-01 7.089546e+05 5.587310e+05 3.572888e+05 0.000000e+00 1.323060e+00 1.231624e+01
1.231780e+01 2.358974e-01 0.000000e+00 4.446438e-01 7.130234e+05 5.631899e+05 3.610343e+05 0.000000e+00 1.322380e+00 1.231998e+01
1.232156e+01 2.341159e-01 0.000000e+00 4.415242e-01 7.135334e+05 5.645977e+05 3.630677e+05 0.000000e+00 1.322440e+00 1.232376e+01
1.232537e+01 2.324544e-01 0.000000e+00 4.384087e-01 7.134690e+05 5.654854e+05 3.647732e+05 0.000000e+00 1.322070e+00 1.232750e+01
1.232911e+01 2.311710e-01 0.000000e+00 4.346369e-01 7.134023e+05 5.661588e+05 3.665877e+05 0.000000e+00 1.321240e+00 1.233128e+01
1.233284e+01 2.279296e-01 0.000000e+00 4.306643e-01 7.153501e+05 5.695477e+05 3.702499e+05 0.000000e+00 1.320910e+00 1.233507e+01
1.233675e+01 2.276747e-01 0.000000e+00 4.278378e-01 7.129801e+05 5.678054e+05 3.701621e+05 0.000000e+00 1.320270e+00 1.233889e+01
1.234059e+01 2.279299e-01 0.000000e+00 4.239413e-01 7.099579e+05 5.652543e+05 3.699377e+05 0.000000e+00 1.319860e+00 1.234268e+01
1.234437e+01 2.262976e-01 0.000000e+00 4.207453e-01 7.091846e+05 5.655610e+05 3.713232e+05 0.000000e+00 1.319610e+00 1.234651e+01
1.234821e+01 2.243519e-01 0.000000e+00 4.177080e-01 7.100768e+05 5.673754e+05 3.736477e+05 0.000000e+00 1.318760e+00 1.235034e+01
1.235210e+01 2.230828e-01 0.000000e+00 4.149407e-01 7.090734e+05 5.672932e+05 3.746288e+05 0.000000e+00 1.318300e+00 1.235417e+01
1.235586e+01 2.200068e-01 0.000000e+00 4.123464e-01 7.114923e+05 5.709821e+05 3.780443e+05 0.000000e+00 1.317430e+00 1.235801e+01
1.235965e+01 2.206850e-01 0.000000e+00 4.098051e-01 7.072146e+05 5.671643e+05 3.764721e+05 0.000000e+00 1.317160e+00 1.236188e+01
1.236360e+01 2.198193e-01 0.000000e+00 4.072406e-01 7.062634e+05 5.668921e+05 3.772577e+05 0.000000e+00 1.316630e+00 1.236572e+01
1.236746e+01 2.181782e-01 0.000000e+00 4.047192e-01 7.056001e+05 5.672899e+05 3.784754e+05 0.000000e+00 1.316660e+00 1.236960e+01
1.237132e+01 2.155990e-01 0.000000e+00 4.023869e-01 7.077746e+05 5.705077e+05 3.815110e+05 0.000000e+00 1.316490e+00 1.237348e+01
1.237523e+01 2.151618e-01 0.000000e+00 3.998495e-01 7.034157e+05 5.672421e+05 3.802910e+05 0.000000e+00 1.315960e+00 1.237737e+01
1.237922e+01 2.122578e-01 0.000000e+00 3.976469e-01 7.072368e+05 5.719821e+05 3.843143e+05 0.000000e+00 1.316010e+00 1.238129e+01
1.238303e+01 2.112549e-01 0.000000e+00 3.950450e-01 7.061079e+05 5.716421e+05 3.850866e+05 0.000000e+00 1.315630e+00 1.238518e+01
1.238690e+01 2.103986e-01 0.000000e+00 3.925481e-01 7.039046e+05 5.703466e+05 3.851743e+05 0.000000e+00 1.315800e+00 1.238911e+01
1.239091e+01 2.085578e-01 0.000000e+00 3.902947e-01 7.041690e+05 5.716121e+05 3.868999e+05 0.000000e+00 1.315770e+00 1.239304e+01
1.239478e+01 2.073681e-01 0.000000e+00 3.881465e-01 7.031568e+05 5.714699e+05 3.876354e+05 0.000000e+00 1.315400e+00 1.239698e+01
1.239866e+01 2.056964e-01 0.000000e+00 3.859648e-01 7.029923e+05 5.722921e+05 3.890410e+05 0.000000e+00 1.315010e+00 1.240091e+01
1.240272e+01 2.036033e-01 0.000000e+00 3.837377e-01 7.017390e+05 5.724688e+05 3.900288e+05 0.000000e+00 1.314420e+00 1.240489e+01
1.240673e+01 1.990983e-01 0.000000e+00 3.819103e-01 7.072001e+05 5.795288e+05 3.955610e+05 0.000000e+00 1.313410e+00 1.240887e+01
1.241062e+01 1.999001e-01 0.000000e+00 3.797841e-01 7.031712e+05 5.757654e+05 3.938288e+05 0.000000e+00 1.313260e+00 1.241281e+01
1.241461e+01 1.991020e-01 0.000000e+00 3.782050e-01 7.012246e+05 5.746299e+05 3.936732e+05 0.000000e+00 1.312590e+00 1.241680e+01
1.241870e+01 1.974896e-01 0.000000e+00 3.762356e-01 7.012279e+05 5.755599e+05 3.950877e+05 0.000000e+00 1.312370e+00 1.242082e+01
1.242263e+01 1.956474e-01 0.000000e+00 3.748063e-01 7.007223e+05 5.762054e+05 3.960966e+05 0.000000e+00 1.311970e+00 1.242481e+01
1.242660e+01 1.942659e-01 0.000000e+00 3.724461e-01 6.998346e+05 5.762710e+05 3.970777e+05 0.000000e+00 1.311090e+00 1.242884e+01
1.243066e+01 1.920186e-01 0.000000e+00 3.712215e-01 7.004123e+05 5.780443e+05 3.987877e+05 0.000000e+00 1.310670e+00 1.243283e+01
1.243470e+01 1.899878e-01 0.000000e+00 3.691323e-01 7.013923e+05 5.800299e+05 4.009943e+05 0.000000e+00 1.310390e+00 1.243687e+01
1.243867e+01 1.858939e-01 0.000000e+00 3.677589e-01 7.043234e+05 5.848432e+05 4.048777e+05 0.000000e+00 1.310090e+00 1.244091e+01
1.244282e+01 1.819676e-01 0.000000e+00 3.660018e-01 7.073334e+05 5.896532e+05 4.089254e+05 0.000000e+00 1.309890e+00 1.244498e+01
1.244690e+01 1.804674e-01 0.000000e+00 3.631751e-01 7.069146e+05 5.901888e+05 4.104554e+05 0.000000e+00 1.309330e+00 1.244903e+01
1.245094e+01 1.798889e-01 0.000000e+00 3.609807e-01 7.054457e+05 5.893032e+05 4.107399e+05 0.000000e+00 1.309240e+00 1.245311e+01
1.245503e+01 1.779621e-01 0.000000e+00 3.587742e-01 7.057857e+05 5.907243e+05 4.126399e+05 0.000000e+00 1.308480e+00 1.245719e+01
1.245918e+01 1.765658e-01 0.000000e+00 3.557362e-01 7.043090e+05 5.903121e+05 4.136066e+05 0.000000e+00 1.307480e+00 1.246128e+01
1.246320e+01 1.753099e-01 0.000000e+00 3.538168e-01 7.041546e+05 5.909243e+05 4.148310e+05 0.000000e+00 1.307590e+00 1.246537e+01
1.246726e+01 1.751889e-01 0.000000e+00 3.506692e-01 7.021312e+05 5.892977e+05 4.149932e+05 0.000000e+00 1.307270e+00 1.246947e+01
1.247149e+01 1.733480e-01 0.000000e+00 3.479300e-01 7.021957e+05 5.904377e+05 4.169366e+05 0.000000e+00 1.306960e+00 1.247360e+01
1.247556e+01 1.718230e-01 0.000000e+00 3.447712e-01 7.018368e+05 5.910366e+05 4.186799e+05 0.000000e+00 1.306800e+00 1.247770e+01
1.247966e+01 1.704613e-01 0.000000e+00 3.416055e-01 7.013179e+05 5.914043e+05 4.202688e+05 0.000000e+00 1.306020e+00 1.248184e+01
1.248390e+01 1.679649e-01 0.000000e+00 3.389804e-01 7.019246e+05 5.933954e+05 4.227921e+05 0.000000e+00 1.305840e+00 1.248598e+01
1.248810e+01 1.678742e-01 0.000000e+00 3.362117e-01 6.989657e+05 5.909477e+05 4.222154e+05 0.000000e+00 1.305550e+00 1.249016e+01
1.249221e+01 1.665929e-01 0.000000e+00 3.325145e-01 6.988201e+05 5.915821e+05 4.242343e+05 0.000000e+00 1.305290e+00 1.249431e+01
1.249643e+01 1.653322e-01 0.000000e+00 3.294246e-01 6.978257e+05 5.914854e+05 4.254777e+05 0.000000e+00 1.305040e+00 1.249850e+01
1.250064e+01 1.639028e-01 0.000000e+00 3.261571e-01 6.946101e+05 5.896021e+05 4.255110e+05 0.000000e+00 1.305130e+00 1.250265e+01
1.250476e+01 1.622759e-01 0.000000e+00 3.234199e-01 6.968279e+05 5.924477e+05 4.287366e+05 0.000000e+00 1.304140e+00 1.250685e+01
1.250891e+01 1.610792e-01 0.000000e+00 3.207712e-01 6.952257e+05 5.917932e+05 4.293988e+05 0.000000e+00 1.303740e+00 1.251105e+01
1.251324e+01 1.593062e-01 0.000000e+00 3.185404e-01 6.941857e+05 5.919566e+05 4.304766e+05 0.000000e+00 1.303360e+00 1.251528e+01
1.251737e+01 1.576119e-01 0.000000e+00 3.158336e-01 6.923146e+05 5.913621e+05 4.312099e+05 0.000000e+00 1.302510e+00 1.251949e+01
1.252157e+01 1.560904e-01 0.000000e+00 3.135968e-01 6.941090e+05 5.937977e+05 4.339554e+05 0.000000e+00 1.302910e+00 1.252373e+01
1.252590e+01 1.540208e-01 0.000000e+00 3.108506e-01 6.940323e+05 5.949621e+05 4.360021e+05 0.000000e+00 1.302980e+00 1.252794e+01
1.253014e+01 1.526609e-01 0.000000e+00 3.088073e-01 6.935746e+05 5.953788e+05 4.371999e+05 0.000000e+00 1.302450e+00 1.253219e+01
1.253433e+01 1.512447e-01 0.000000e+00 3.059050e-01 6.932534e+05 5.959466e+05 4.388888e+05 0.000000e+00 1.301920e+00 1.253644e+01
1.253869e+01 1.489320e-01 0.000000e+00 3.041646e-01 6.936534e+05 5.976710e+05 4.409254e+05 0.000000e+00 1.301510e+00 1.254073e+01
1.254294e+01 1.475505e-01 0.000000e+00 3.018320e-01 6.932134e+05 5.981177e+05 4.422854e+05 0.000000e+00 1.301150e+00 1.254499e+01
1.254718e+01 1.457276e-01 0.000000e+00 2.994425e-01 6.921412e+05 5.982821e+05 4.434654e+05 0.000000e+00 1.301020e+00 1.254929e+01
1.255153e+01 1.440605e-01 0.000000e+00 2.970183e-01 6.916312e+05 5.988388e+05 4.449554e+05 0.000000e+00 1.300340e+00 1.255359e+01
1.255586e+01 1.427848e-01 0.000000e+00 2.948262e-01 6.901612e+05 5.983288e+05 4.455521e+05 0.000000e+00 1.299130e+00 1.255786e+01
1.256015e+01 1.406643e-01 0.000000e+00 2.931624e-01 6.909579e+05 6.002910e+05 4.477577e+05 0.000000e+00 1.299420e+00 1.256220e+01
1.256448e+01 1.393335e-01 0.000000e+00 2.909472e-01 6.910390e+05 6.011610e+05 4.494010e+05 0.000000e+00 1.298530e+00 1.256651e+01
1.256886e+01 1.372167e-01 0.000000e+00 2.888792e-01 6.907223e+05 6.021588e+05 4.510788e+05 0.000000e+00 1.298250e+00 1.257083e+01
1.257314e+01 1.357738e-01 0.000000e+00 2.870751e-01 6.895634e+05 6.020166e+05 4.517866e+05 0.000000e+00 1.297630e+00 1.257518e+01
1.257747e+01 1.340548e-01 0.000000e+00 2.846407e-01 6.896001e+05 6.030843e+05 4.536910e+05 0.000000e+00 1.297470e+00 1.257954e+01
1.258189e+01 1.322982e-01 0.000000e+00 2.826083e-01 6.891457e+05 6.037466e+05 4.551132e+05 0.000000e+00 1.297310e+00 1.258390e+01
1.258620e+01 1.304356e-01 0.000000e+00 2.807315e-01 6.878190e+05 6.037077e+05 4.559388e+05 0.000000e+00 1.296920e+00 1.258827e+01
1.259048e+01 1.291420e-01 0.000000e+00 2.784845e-01 6.886934e+05 6.052577e+05 4.581377e+05 0.000000e+00 1.296400e+00 1.259263e+01
1.259497e+01 1.273564e-01 0.000000e+00 2.757314e-01 6.881968e+05 6.059021e+05 4.598899e+05 0.000000e+00 1.296040e+00 1.259700e+01
1.259932e+01 1.256097e-01 0.000000e+00 2.732100e-01 6.877857e+05 6.065988e+05 4.615810e+05 0.000000e+00 1.295620e+00 1.260142e+01
1.260368e+01 1.237304e-01 0.000000e+00 2.709603e-01 6.881190e+05 6.080343e+05 4.637154e+05 0.000000e+00 1.295490e+00 1.260583e+01
1.260821e+01 1.223190e-01 0.000000e+00 2.679015e-01 6.864779e+05 6.074410e+05 4.646821e+05 0.000000e+00 1.294750e+00 1.261025e+01
1.261257e+01 1.206113e-01 0.000000e+00 2.653287e-01 6.876646e+05 6.095310e+05 4.674821e+05 0.000000e+00 1.295180e+00 1.261467e+01
1.261691e+01 1.187303e-01 0.000000e+00 2.625973e-01 6.854501e+05 6.087121e+05 4.681310e+05 0.000000e+00 1.294290e+00 1.261910e+01
1.262141e+01 1.167573e-01 0.000000e+00 2.600424e-01 6.851068e+05 6.096088e+05 4.700199e+05 0.000000e+00 1.294840e+00 1.262352e+01
1.262585e+01 1.150765e-01 0.000000e+00 2.568969e-01 6.862712e+05 6.116721e+05 4.730966e+05 0.000000e+00 1.294520e+00 1.262799e+01
1.263025e+01 1.135907e-01 0.000000e+00 2.543373e-01 6.867223e+05 6.129843e+05 4.753266e+05 0.000000e+00 1.294360e+00 1.263247e+01
1.263479e+01 1.118579e-01 0.000000e+00 2.512695e-01 6.861846e+05 6.135666e+05 4.772399e+05 0.000000e+00 1.293530e+00 1.263694e+01
1.263929e+01 1.100905e-01 0.000000e+00 2.485339e-01 6.854046e+05 6.139532e+05 4.788488e+05 0.000000e+00 1.293120e+00 1.264142e+01
1.264372e+01 1.084715e-01 0.000000e+00 2.456001e-01 6.853434e+05 6.148932e+05 4.809910e+05 0.000000e+00 1.293000e+00 1.264590e+01
1.264824e+01 1.061573e-01 0.000000e+00 2.428106e-01 6.855546e+05 6.165077e+05 4.836010e+05 0.000000e+00 1.292790e+00 1.265039e+01
1.265280e+01 1.046665e-01 0.000000e+00 2.401012e-01 6.844457e+05 6.164288e+05 4.848510e+05 0.000000e+00 1.292490e+00 1.265491e+01
1.265720e+01 1.028078e-01 0.000000e+00 2.377759e-01 6.839012e+05 6.170843e+05 4.864966e+05 0.000000e+00 1.292000e+00 1.265941e+01
1.266177e+01 1.013065e-01 0.000000e+00 2.343164e-01 6.835601e+05 6.177032e+05 4.886721e+05 0.000000e+00 1.291310e+00 1.266394e+01
1.266635e+01 9.944229e-02 0.000000e+00 2.315036e-01 6.836579e+05 6.189443e+05 4.910332e+05 0.000000e+00 1.290440e+00 1.266848e+01
1.267082e+01 9.790998e-02 0.000000e+00 2.285604e-01 6.822668e+05 6.186321e+05 4.922321e+05 0.000000e+00 1.290020e+00 1.267302e+01
1.267537e+01 9.631716e-02 0.000000e+00 2.261891e-01 6.823701e+05 6.197121e+05 4.942621e+05 0.000000e+00 1.289320e+00 1.267756e+01
1.268006e+01 9.459336e-02 0.000000e+00 2.236360e-01 6.809946e+05 6.195299e+05 4.953799e+05 0.000000e+00 1.289030e+00 1.268215e+01
1.268458e+01 9.257227e-02 0.000000e+00 2.214558e-01 6.809701e+05 6.207610e+05 4.974477e+05 0.000000e+00 1.288950e+00 1.268674e+01
1.268913e+01 9.063135e-02 0.000000e+00 2.189665e-01 6.807190e+05 6.217377e+05 4.994721e+05 0.000000e+00 1.288450e+00 1.269129e+01
1.269380e+01 8.904106e-02 0.000000e+00 2.159978e-01 6.804657e+05 6.224954e+05 5.015677e+05 0.000000e+00 1.287790e+00 1.269589e+01
1.269833e+01 8.715408e-02 0.000000e+00 2.140296e-01 6.804812e+05 6.236854e+05 5.035166e+05 0.000000e+00 1.287170e+00 1.270049e+01
1.270289e+01 8.500242e-02 0.000000e+00 2.119861e-01 6.810957e+05 6.255932e+05 5.060899e+05 0.000000e+00 1.286690e+00 1.270509e+01
1.270764e+01 8.385130e-02 0.000000e+00 2.095337e-01 6.792790e+05 6.246432e+05 5.065621e+05 0.000000e+00 1.286460e+00 1.270973e+01
1.271220e+01 8.197176e-02 0.000000e+00 2.072942e-01 6.790479e+05 6.256054e+05 5.084799e+05 0.000000e+00 1.285770e+00 1.271434e+01
1.271685e+01 8.009381e-02 1.473704e-06 2.049841e-01 6.785623e+05 6.263332e+05 5.102488e+05 1.000000e+00 1.285940e+00 1.271899e+01
1.272162e+01 7.824987e-02 0.000000e+00 2.026603e-01 6.781990e+05 6.271532e+05 5.121054e+05 0.000000e+00 1.285580e+00 1.272365e+01
1.272620e+01 7.642886e-02 0.000000e+00 2.003347e-01 6.783468e+05 6.284332e+05 5.143454e+05 0.000000e+00 1.284760e+00 1.272831e+01
1.273086e+01 7.437054e-02 0.000000e+00 1.983110e-01 6.786934e+05 6.300499e+05 5.167132e+05 0.000000e+00 1.284270e+00 1.273297e+01
1.273562e+01 7.275942e-02 0.000000e+00 1.951378e-01 6.778434e+05 6.302754e+05 5.185410e+05 0.000000e+00 1.283710e+00 1.273764e+01
1.274025e+01 7.123052e-02 0.000000e+00 1.927737e-01 6.776968e+05 6.311032e+05 5.204510e+05 0.000000e+00 1.283270e+00 1.274235e+01
1.274488e+01 6.913855e-02 0.000000e+00 1.904295e-01 6.771890e+05 6.319510e+05 5.223732e+05 0.000000e+00 1.283260e+00 1.274702e+01
1.274973e+01 6.737775e-02 0.000000e+00 1.881844e-01 6.772290e+05 6.331021e+05 5.245010e+05 0.000000e+00 1.282890e+00 1.275173e+01
1.275440e+01 6.589544e-02 0.000000e+00 1.854841e-01 6.763968e+05 6.332621e+05 5.260521e+05 0.000000e+00 1.282710e+00 1.275645e+01
1.275910e+01 6.385945e-02 0.000000e+00 1.826181e-01 6.758501e+05 6.340399e+05 5.282099e+05 0.000000e+00 1.282080e+00 1.276118e+01
1.276394e+01 6.230165e-02 0.000000e+00 1.799738e-01 6.760457e+05 6.352121e+05 5.305877e+05 0.000000e+00 1.281470e+00 1.276590e+01
1.276859e+01 6.034150e-02 0.000000e+00 1.768704e-01 6.760779e+05 6.364888e+05 5.333066e+05 0.000000e+00 1.281360e+00 1.277063e+01
1.277335e+01 5.854917e-02 0.000000e+00 1.742418e-01 6.756801e+05 6.372554e+05 5.353543e+05 0.000000e+00 1.281210e+00 1.277540e+01
1.277818e+01 5.596706e-02 0.000000e+00 1.716192e-01 6.769423e+05 6.400966e+05 5.391532e+05 0.000000e+00 1.281060e+00 1.278014e+01
1.278288e+01 5.434198e-02 0.000000e+00 1.688512e-01 6.765001e+05 6.407188e+05 5.411732e+05 0.000000e+00 1.280940e+00 1.278492e+01
1.278765e+01 5.321860e-02 0.000000e+00 1.662161e-01 6.748312e+05 6.398566e+05 5.418710e+05 0.000000e+00 1.280810e+00 1.278970e+01
1.279257e+01 5.171611e-02 0.000000e+00 1.634979e-01 6.742557e+05 6.402721e+05 5.436988e+05 0.000000e+00 1.279930e+00 1.279449e+01
1.279728e+01 5.020296e-02 0.000000e+00 1.610139e-01 6.727490e+05 6.398088e+05 5.446566e+05 0.000000e+00 1.279720e+00 1.279928e+01
