#F PtO_PtL3
#E 1590408670
#D Fri May 29 10:15:49 2020
#C catexp  User = anka-bl-catact-0001
#O0   Energy  DCM_2Pitch  T1_height   T1_roll  T1_Pitch    T1_Yaw  T1_trans  Table1_J1
#O1 Table1_J2  Table1_J3  Table1_Y1  Table1_Y3  Table1_X     Hex_X     Hex_Y     Hex_Z
#O2 Hex_pitch  Hex_roll   Hex_yaw        m6        m7  M1_height   M1_roll  M1_pitch
#O3 M1_trans    M1_yaw  M1_Bend1  DCM_height  DCM_pitch  DCM_roll  DCM_Lat1  M2_height
#O4  M2_roll  M2_pitch  M2_trans    M2_yaw  M2_Bend1  M2_Bend2      Mono    SL2_Y1
#O5   SL2_Y2    SL2_Z1    SL2_Z2  Slit2_HGap  Slit2_HOff  Slit2_VGap  Slit2_VOff  Pellet_Y
#O6 Reference_Y     BIM_Z   BIM_ROT     DIF_X     DIF_Z  
#S 2  akscan E 11.564 0.5
#D Fri May 29 10:17:37 2020
#T 0.5  (Seconds)
#H4 2 -100 5 1 -50 2 1
#H5 -30 30 0.3 1
#H6 1 12 0.05 1 0.5
#Q 
#P0 11.5 1.36605 99.720223 3.4325018 -6.6310002 37.041479 72.99125 106.39799
#P1 103.652 94.415476 43.365 102.61781 86.455313 -28.75 -14.5 6.326
#P2 0 0 0 101.674 0.088 0.349625 -0.00166875 -2.4282625
#P3 27.29925 0.00755 15000 3.4092734 -4.620752 0.0025273438 21.1006 -17.881775
#P4 0.01166875 -2.4513312 -81.00125 -0.5005 38.402578 42.360078 9.8998385 -2.9763282
#P5 -7.9683594 8.36375 3.37125 4.991875 -5.4725 4.9925 5.8675 0
#P6 21 6.2581757 7.51875 3854.9969 129.312 
#H1 6 6 7
#H3 735,755 
#U M1:Si, DCM:Si(111), M2:Rh
#N 45
#Energy Epoch Seconds Detector Ioni2 Ioni3 Absorption Reference Diode E-current temp Voltage Current Resistance Energy Time_ OCR_1 OCR_2 OCR_3 ICR_1 ICR_2 ICR_3 DT_1 DT_2 DT_3 FluoW1_R1 FluoW1_R2 FluoW1_R3 FluoW2_R1 FluoW2_R2 FluoW2_R3 FluoW3_R1 FluoW3_R2 FluoW3_R3 Fluo_1 Fluo_2 Fluo_3 Fluo_I0_1 Fluo_I0_2 Fluo_I0_3 Live_1 Live_2 Live_3 Monitor Ioni1
11463.867 331588.749 0.5000001 0 52447 113978 0.86950211 -0.77620231 611 155.947 22 42 42 1 0 0 0 0 0 0 0 0 0 0 0 0 0 0 0 0 0 0 0 0 0 0 0 0 0 0 0.18758272 0 0 0 125124
11468.945 331590.399 0.5000001 0 52468 114200 0.86839024 -0.77774784 613 155.944 22 42 42 1 0 0 0 0 0 0 0 0 0 0 0 0 0 0 0 0 0 0 0 0 0 0 0 0 0 0 0.18758272 0 0 0 125035
11473.984 331592.049 0.5000001 0 52684 114841 0.8673563 -0.77923676 615 155.942 22 42 42 1 0 0 0 0 0 0 0 0 0 0 0 0 0 0 0 0 0 0 0 0 0 0 0 0 0 0 0.18758272 0 0 0 125420
11478.984 331593.699 0.5000001 0 52664 114947 0.86630777 -0.78053904 623 155.94 22 42 42 1 0 0 0 0 0 0 0 0 0 0 0 0 0 0 0 0 0 0 0 0 0 0 0 0 0 0 0.18758272 0 0 0 125241
11483.984 331595.349 0.5000001 0 52754 115281 0.86517501 -0.78173303 612 155.938 22 42 42 1 0 0 0 0 0 0 0 0 0 0 0 0 0 0 0 0 0 0 0 0 0 0 0 0 0 0 0.18758272 0 0 0 125313
11488.984 331596.998 0.5000001 0 52789 115486 0.86428831 -0.78284647 614 155.935 22 42 42 1 0 0 0 0 0 0 0 0 0 0 0 0 0 0 0 0 0 0 0 0 0 0 0 0 0 0 0.18758272 0 0 0 125285
11493.983999999999 331598.649 0.5000001 0 52737 115480 0.86334838 -0.78378006 617 155.934 22 42 42 1 0 0 0 0 0 0 0 0 0 0 0 0 0 0 0 0 0 0 0 0 0 0 0 0 0 0 0.18758272 0 0 0 125044
11498.984 331600.298 0.5000001 0 52599 115262 0.86232321 -0.78451069 627 155.931 22 42 42 1 0 0 0 0 0 0 0 0 0 0 0 0 0 0 0 0 0 0 0 0 0 0 0 0 0 0 0.18758272 0 0 0 124589
11503.984 331601.948 0.5000001 0 52498 115099 0.86156888 -0.78501755 601 155.927 22 42 42 1 0 0 0 0 0 0 0 0 0 0 0 0 0 0 0 0 0 0 0 0 0 0 0 0 0 0 0.18758272 0 0 0 124256
11508.984 331603.600 0.5000001 0 52441 114992 0.86076218 -0.78517383 606 155.926 22 42 42 1 0 0 0 0 0 0 0 0 0 0 0 0 0 0 0 0 0 0 0 0 0 0 0 0 0 0 0.18758272 0 0 0 124021
11513.984 331605.249 0.5000001 0 52333 114721 0.86008661 -0.78487595 604 155.923 22 42 42 1 0 0 0 0 0 0 0 0 0 0 0 0 0 0 0 0 0 0 0 0 0 0 0 0 0 0 0.18758272 0 0 0 123682
11516.016 331606.898 0.5000001 0 52196 114384 0.8598335 -0.78455535 604 155.921 22 42 42 1 0 0 0 0 0 0 0 0 0 0 0 0 0 0 0 0 0 0 0 0 0 0 0 0 0 0 0.18758272 0 0 0 123327
11518.008 331608.548 0.5000001 0 52045 113994 0.85957957 -0.78403709 600 155.917 22 42 42 1 0 0 0 0 0 0 0 0 0 0 0 0 0 0 0 0 0 0 0 0 0 0 0 0 0 0 0.18758272 0 0 0 122939
11520.0 331610.199 0.5000001 0 51952 113732 0.85929173 -0.78352459 600 155.917 22 42 42 1 0 0 0 0 0 0 0 0 0 0 0 0 0 0 0 0 0 0 0 0 0 0 0 0 0 0 0.18758272 0 0 0 122684
11521.991999999998 331611.848 0.5000001 0 52073 113921 0.85909865 -0.78285865 603 155.913 22 42 42 1 0 0 0 0 0 0 0 0 0 0 0 0 0 0 0 0 0 0 0 0 0 0 0 0 0 0 0.18758272 0 0 0 122946
11523.984 331613.498 0.5000001 0 52257 114239 0.85901412 -0.78211889 617 155.91 22 42 42 1 0 0 0 0 0 0 0 0 0 0 0 0 0 0 0 0 0 0 0 0 0 0 0 0 0 0 0.18758272 0 0 0 123370
11526.016 331615.143 0.5000001 0 52331 114269 0.85889511 -0.78096639 615 155.908 22 42 42 1 0 0 0 0 0 0 0 0 0 0 0 0 0 0 0 0 0 0 0 0 0 0 0 0 0 0 0.18758272 0 0 0 123530
11528.008 331616.783 0.5000001 0 52379 114235 0.85894116 -0.77975198 613 155.906 22 42 42 1 0 0 0 0 0 0 0 0 0 0 0 0 0 0 0 0 0 0 0 0 0 0 0 0 0 0 0.18758272 0 0 0 123649
11530.0 331618.423 0.5000001 0 52562 114452 0.85886862 -0.7781621 620 155.903 22 42 42 1 0 0 0 0 0 0 0 0 0 0 0 0 0 0 0 0 0 0 0 0 0 0 0 0 0 0 0.18758272 0 0 0 124072
11531.992 331620.067 0.5000001 0 52367 113786 0.85882247 -0.77604287 619 155.9 22 42 42 1 0 0 0 0 0 0 0 0 0 0 0 0 0 0 0 0 0 0 0 0 0 0 0 0 0 0 0.18758272 0 0 0 123606
11533.984 331621.708 0.5000001 0 52223 113202 0.85903251 -0.77365082 617 155.898 22 42 42 1 0 0 0 0 0 0 0 0 0 0 0 0 0 0 0 0 0 0 0 0 0 0 0 0 0 0 0.18758272 0 0 0 123292
11534.297 331623.354 0.5000001 0 52243 113196 0.85902264 -0.77321492 616 155.896 22 42 42 1 0 0 0 0 0 0 0 0 0 0 0 0 0 0 0 0 0 0 0 0 0 0 0 0 0 0 0.18758272 0 0 0 123338
11534.609 331624.998 0.5000001 0 52227 113117 0.85906136 -0.77282308 620 155.894 22 42 42 1 0 0 0 0 0 0 0 0 0 0 0 0 0 0 0 0 0 0 0 0 0 0 0 0 0 0 0.18758272 0 0 0 123305
11534.883 331626.637 0.5000001 0 52345 113323 0.85897565 -0.77238573 609 155.892 22 42 42 1 0 0 0 0 0 0 0 0 0 0 0 0 0 0 0 0 0 0 0 0 0 0 0 0 0 0 0.18758272 0 0 0 123573
11535.195 331628.273 0.5000001 0 52369 113323 0.85907548 -0.77192734 609 155.891 22 42 42 1 0 0 0 0 0 0 0 0 0 0 0 0 0 0 0 0 0 0 0 0 0 0 0 0 0 0 0.18758272 0 0 0 123642
11535.508 331629.913 0.5000001 0 52359 113249 0.85907232 -0.77146509 615 155.887 22 42 42 1 0 0 0 0 0 0 0 0 0 0 0 0 0 0 0 0 0 0 0 0 0 0 0 0 0 0 0.18758272 0 0 0 123618
11535.781 331631.558 0.5000001 0 52277 113016 0.8591663 -0.7709729 624 155.883 22 42 42 1 0 0 0 0 0 0 0 0 0 0 0 0 0 0 0 0 0 0 0 0 0 0 0 0 0 0 0.18758272 0 0 0 123436
11536.094000000001 331633.198 0.5000001 0 52270 112948 0.85920299 -0.77050494 617 155.882 22 42 42 1 0 0 0 0 0 0 0 0 0 0 0 0 0 0 0 0 0 0 0 0 0 0 0 0 0 0 0.18758272 0 0 0 123424
11536.405999999999 331634.843 0.5000001 0 52273 112896 0.85928332 -0.76998706 624 155.88 22 42 42 1 0 0 0 0 0 0 0 0 0 0 0 0 0 0 0 0 0 0 0 0 0 0 0 0 0 0 0.18758272 0 0 0 123441
11536.719 331636.494 0.5000001 0 52199 112674 0.85927317 -0.76943536 620 155.877 22 42 42 1 0 0 0 0 0 0 0 0 0 0 0 0 0 0 0 0 0 0 0 0 0 0 0 0 0 0 0.18758272 0 0 0 123265
11536.992 331638.143 0.5000001 0 52297 112821 0.85924547 -0.76886348 620 155.874 22 42 42 1 0 0 0 0 0 0 0 0 0 0 0 0 0 0 0 0 0 0 0 0 0 0 0 0 0 0 0.18758272 0 0 0 123493
11537.305 331639.792 0.5000001 0 52213 112574 0.85937 -0.76827928 614 155.874 22 42 42 1 0 0 0 0 0 0 0 0 0 0 0 0 0 0 0 0 0 0 0 0 0 0 0 0 0 0 0.18758272 0 0 0 123310
11537.616999999998 331641.443 0.5000001 0 52143 112359 0.85942942 -0.76770916 612 155.87 22 42 42 1 0 0 0 0 0 0 0 0 0 0 0 0 0 0 0 0 0 0 0 0 0 0 0 0 0 0 0.18758272 0 0 0 123152
11537.891 331643.093 0.5000001 0 52117 112228 0.85953021 -0.76704133 620 155.867 22 42 42 1 0 0 0 0 0 0 0 0 0 0 0 0 0 0 0 0 0 0 0 0 0 0 0 0 0 0 0.18758272 0 0 0 123103
11538.203 331644.742 0.5000001 0 52113 112152 0.85963946 -0.76644066 614 155.864 22 42 42 1 0 0 0 0 0 0 0 0 0 0 0 0 0 0 0 0 0 0 0 0 0 0 0 0 0 0 0.18758272 0 0 0 123107
11538.516 331646.387 0.5000001 0 52184 112236 0.85966603 -0.76582786 608 155.861 22 42 42 1 0 0 0 0 0 0 0 0 0 0 0 0 0 0 0 0 0 0 0 0 0 0 0 0 0 0 0.18758272 0 0 0 123278
11538.788999999999 331648.037 0.5000001 0 52213 112223 0.85978351 -0.76515646 613 155.859 22 42 42 1 0 0 0 0 0 0 0 0 0 0 0 0 0 0 0 0 0 0 0 0 0 0 0 0 0 0 0.18758272 0 0 0 123361
11539.101999999999 331649.687 0.5000001 0 52148 112007 0.85982874 -0.76447554 609 155.856 22 42 42 1 0 0 0 0 0 0 0 0 0 0 0 0 0 0 0 0 0 0 0 0 0 0 0 0 0 0 0.18758272 0 0 0 123213
11539.414 331651.337 0.5000001 0 52107 111842 0.8599008 -0.76378786 611 155.855 22 42 42 1 0 0 0 0 0 0 0 0 0 0 0 0 0 0 0 0 0 0 0 0 0 0 0 0 0 0 0.18758272 0 0 0 123125
11539.687 331652.987 0.5000001 0 52107 111756 0.85993329 -0.76301863 612 155.852 22 42 42 1 0 0 0 0 0 0 0 0 0 0 0 0 0 0 0 0 0 0 0 0 0 0 0 0 0 0 0.18758272 0 0 0 123129
11540.0 331654.638 0.5000001 0 52098 111656 0.86006542 -0.76229616 607 155.85 22 42 42 1 0 0 0 0 0 0 0 0 0 0 0 0 0 0 0 0 0 0 0 0 0 0 0 0 0 0 0.18758272 0 0 0 123124
11540.313 331656.287 0.5000001 0 52140 111657 0.86016881 -0.76149926 597 155.847 22 42 42 1 0 0 0 0 0 0 0 0 0 0 0 0 0 0 0 0 0 0 0 0 0 0 0 0 0 0 0.18758272 0 0 0 123236
11540.586 331657.939 0.5000001 0 52275 111849 0.86015197 -0.7606315 600 155.845 22 42 42 1 0 0 0 0 0 0 0 0 0 0 0 0 0 0 0 0 0 0 0 0 0 0 0 0 0 0 0.18758272 0 0 0 123553
11540.898000000001 331659.588 0.5000001 0 52154 111499 0.86029787 -0.75981474 610 155.842 22 42 42 1 0 0 0 0 0 0 0 0 0 0 0 0 0 0 0 0 0 0 0 0 0 0 0 0 0 0 0.18758272 0 0 0 123285
11541.211000000001 331661.237 0.5000001 0 52172 111440 0.86035017 -0.75894038 603 155.84 22 42 42 1 0 0 0 0 0 0 0 0 0 0 0 0 0 0 0 0 0 0 0 0 0 0 0 0 0 0 0.18758272 0 0 0 123334
11541.484 331662.887 0.5000001 0 52151 111300 0.86040406 -0.7580859 603 155.838 22 42 42 1 0 0 0 0 0 0 0 0 0 0 0 0 0 0 0 0 0 0 0 0 0 0 0 0 0 0 0.18758272 0 0 0 123291
11541.797 331664.537 0.5000001 0 52062 111000 0.86057796 -0.75709489 606 155.836 22 42 42 1 0 0 0 0 0 0 0 0 0 0 0 0 0 0 0 0 0 0 0 0 0 0 0 0 0 0 0.18758272 0 0 0 123102
11542.109 331666.187 0.5000001 0 52184 111150 0.86065518 -0.75610471 604 155.833 22 42 42 1 0 0 0 0 0 0 0 0 0 0 0 0 0 0 0 0 0 0 0 0 0 0 0 0 0 0 0.18758272 0 0 0 123400
11542.422 331667.839 0.5000001 0 52176 111021 0.86084901 -0.75509675 597 155.83 22 42 42 1 0 0 0 0 0 0 0 0 0 0 0 0 0 0 0 0 0 0 0 0 0 0 0 0 0 0 0.18758272 0 0 0 123405
11542.695 331669.491 0.5000001 0 52205 110973 0.8609981 -0.75410865 617 155.829 22 42 42 1 0 0 0 0 0 0 0 0 0 0 0 0 0 0 0 0 0 0 0 0 0 0 0 0 0 0 0.18758272 0 0 0 123492
11543.008 331671.132 0.5000001 0 52102 110630 0.86110072 -0.75298796 622 155.825 22 42 42 1 0 0 0 0 0 0 0 0 0 0 0 0 0 0 0 0 0 0 0 0 0 0 0 0 0 0 0.18758272 0 0 0 123261
11543.281 331672.772 0.5000001 0 52074 110447 0.86121632 -0.75186998 621 155.821 22 42 42 1 0 0 0 0 0 0 0 0 0 0 0 0 0 0 0 0 0 0 0 0 0 0 0 0 0 0 0.18758272 0 0 0 123209
11543.594000000001 331674.412 0.5000001 0 52126 110432 0.86144305 -0.75073608 607 155.821 22 42 42 1 0 0 0 0 0 0 0 0 0 0 0 0 0 0 0 0 0 0 0 0 0 0 0 0 0 0 0.18758272 0 0 0 123360
11543.905999999999 331676.057 0.5000001 0 52109 110253 0.8615179 -0.74944005 609 155.818 22 42 42 1 0 0 0 0 0 0 0 0 0 0 0 0 0 0 0 0 0 0 0 0 0 0 0 0 0 0 0.18758272 0 0 0 123329
11544.219 331677.697 0.5000001 0 52143 110187 0.86163564 -0.74818898 606 155.815 22 42 42 1 0 0 0 0 0 0 0 0 0 0 0 0 0 0 0 0 0 0 0 0 0 0 0 0 0 0 0.18758272 0 0 0 123424
11544.492 331679.332 0.5000001 0 52072 109890 0.8618227 -0.74685249 616 155.812 22 42 42 1 0 0 0 0 0 0 0 0 0 0 0 0 0 0 0 0 0 0 0 0 0 0 0 0 0 0 0.18758272 0 0 0 123279
11544.805 331680.970 0.5000001 0 52007 109601 0.862106 -0.74546817 609 155.811 22 42 42 1 0 0 0 0 0 0 0 0 0 0 0 0 0 0 0 0 0 0 0 0 0 0 0 0 0 0 0.18758272 0 0 0 123160
11545.117 331682.611 0.5000001 0 51940 109296 0.86235528 -0.74397059 610 155.808 22 42 42 1 0 0 0 0 0 0 0 0 0 0 0 0 0 0 0 0 0 0 0 0 0 0 0 0 0 0 0.18758272 0 0 0 123032
11545.391 331684.256 0.5000001 0 52010 109287 0.86251914 -0.74254144 614 155.806 22 42 42 1 0 0 0 0 0 0 0 0 0 0 0 0 0 0 0 0 0 0 0 0 0 0 0 0 0 0 0.18758272 0 0 0 123218
11545.703 331685.902 0.5000001 0 51942 108970 0.86271496 -0.7409449 605 155.802 22 42 42 1 0 0 0 0 0 0 0 0 0 0 0 0 0 0 0 0 0 0 0 0 0 0 0 0 0 0 0.18758272 0 0 0 123081
11546.016 331687.546 0.5000001 0 52040 108997 0.8630213 -0.73930771 599 155.801 22 42 42 1 0 0 0 0 0 0 0 0 0 0 0 0 0 0 0 0 0 0 0 0 0 0 0 0 0 0 0.18758272 0 0 0 123351
11546.289 331689.201 0.5000001 0 51992 108713 0.86328721 -0.73762152 611 155.798 22 42 42 1 0 0 0 0 0 0 0 0 0 0 0 0 0 0 0 0 0 0 0 0 0 0 0 0 0 0 0.18758272 0 0 0 123270
11546.602 331690.852 0.5000001 0 51926 108380 0.86354289 -0.73582394 612 155.795 22 42 42 1 0 0 0 0 0 0 0 0 0 0 0 0 0 0 0 0 0 0 0 0 0 0 0 0 0 0 0.18758272 0 0 0 123145
11546.913999999999 331692.501 0.5000001 0 51872 108065 0.86391727 -0.73395375 613 155.794 22 42 42 1 0 0 0 0 0 0 0 0 0 0 0 0 0 0 0 0 0 0 0 0 0 0 0 0 0 0 0.18758272 0 0 0 123063
11547.187 331694.141 0.5000001 0 51846 107799 0.8641667 -0.7319906 618 155.791 22 42 42 1 0 0 0 0 0 0 0 0 0 0 0 0 0 0 0 0 0 0 0 0 0 0 0 0 0 0 0.18758272 0 0 0 123032
11547.5 331695.791 0.5000001 0 51810 107511 0.86446295 -0.73000999 612 155.788 22 42 42 1 0 0 0 0 0 0 0 0 0 0 0 0 0 0 0 0 0 0 0 0 0 0 0 0 0 0 0.18758272 0 0 0 122983
11547.812 331697.441 0.5000001 0 51913 107500 0.86481594 -0.72792161 616 155.785 22 42 42 1 0 0 0 0 0 0 0 0 0 0 0 0 0 0 0 0 0 0 0 0 0 0 0 0 0 0 0.18758272 0 0 0 123271
11548.086 331699.091 0.5000001 0 51932 107300 0.86526901 -0.72569348 629 155.784 22 42 42 1 0 0 0 0 0 0 0 0 0 0 0 0 0 0 0 0 0 0 0 0 0 0 0 0 0 0 0.18758272 0 0 0 123372
11548.398000000001 331700.742 0.5000001 0 51862 106910 0.86563658 -0.72340101 612 155.781 22 42 42 1 0 0 0 0 0 0 0 0 0 0 0 0 0 0 0 0 0 0 0 0 0 0 0 0 0 0 0.18758272 0 0 0 123251
11548.711000000001 331702.392 0.5000001 0 51784 106486 0.8659808 -0.7209323 619 155.778 22 42 42 1 0 0 0 0 0 0 0 0 0 0 0 0 0 0 0 0 0 0 0 0 0 0 0 0 0 0 0.18758272 0 0 0 123108
11548.984 331704.042 0.5000001 0 51775 106199 0.86634954 -0.71840729 630 155.777 22 42 42 1 0 0 0 0 0 0 0 0 0 0 0 0 0 0 0 0 0 0 0 0 0 0 0 0 0 0 0.18758272 0 0 0 123132
11549.296999999999 331705.691 0.50000008 0 51723 105814 0.86687512 -0.71578028 628 155.774 22 42 42 1 0 0 0 0 0 0 0 0 0 0 0 0 0 0 0 0 0 0 0 0 0 0 0 0 0 0 0.18758272 0 0 0 123073
11549.609 331707.341 0.5000001 0 51765 105597 0.86738697 -0.71291572 619 155.772 22 42 42 1 0 0 0 0 0 0 0 0 0 0 0 0 0 0 0 0 0 0 0 0 0 0 0 0 0 0 0.18758272 0 0 0 123236
11549.883 331708.991 0.5000001 0 51798 105372 0.86773916 -0.71014541 618 155.768 22 42 42 1 0 0 0 0 0 0 0 0 0 0 0 0 0 0 0 0 0 0 0 0 0 0 0 0 0 0 0.18758272 0 0 0 123358
11550.195 331710.641 0.5000001 0 51734 104920 0.86819697 -0.70708295 625 155.768 22 42 42 1 0 0 0 0 0 0 0 0 0 0 0 0 0 0 0 0 0 0 0 0 0 0 0 0 0 0 0.18758272 0 0 0 123262
11550.508 331712.291 0.5000001 0 51667 104455 0.86877059 -0.70393708 614 155.765 22 42 42 1 0 0 0 0 0 0 0 0 0 0 0 0 0 0 0 0 0 0 0 0 0 0 0 0 0 0 0.18758272 0 0 0 123173
11550.781 331713.944 0.5000001 0 51609 103990 0.86945529 -0.70059866 623 155.762 22 42 42 1 0 0 0 0 0 0 0 0 0 0 0 0 0 0 0 0 0 0 0 0 0 0 0 0 0 0 0.18758272 0 0 0 123119
11551.094000000001 331715.591 0.5000001 0 51579 103559 0.87007736 -0.69702689 631 155.761 22 42 42 1 0 0 0 0 0 0 0 0 0 0 0 0 0 0 0 0 0 0 0 0 0 0 0 0 0 0 0.18758272 0 0 0 123124
11551.406 331717.236 0.5000001 0 51595 103208 0.87073325 -0.6933216 624 155.757 22 42 42 1 0 0 0 0 0 0 0 0 0 0 0 0 0 0 0 0 0 0 0 0 0 0 0 0 0 0 0.18758272 0 0 0 123243
11551.719000000001 331718.885 0.5000001 0 51613 102829 0.87141439 -0.68929384 624 155.755 22 42 42 1 0 0 0 0 0 0 0 0 0 0 0 0 0 0 0 0 0 0 0 0 0 0 0 0 0 0 0.18758272 0 0 0 123370
11551.992 331720.536 0.5000001 0 51588 102384 0.87206909 -0.68544136 619 155.752 22 42 42 1 0 0 0 0 0 0 0 0 0 0 0 0 0 0 0 0 0 0 0 0 0 0 0 0 0 0 0.18758272 0 0 0 123391
11552.305 331722.185 0.5000001 0 51506 101781 0.87293021 -0.68112514 631 155.75 22 42 42 1 0 0 0 0 0 0 0 0 0 0 0 0 0 0 0 0 0 0 0 0 0 0 0 0 0 0 0.18758272 0 0 0 123301
11552.617 331723.835 0.5000001 0 51366 101044 0.87367119 -0.67657959 625 155.746 22 42 42 1 0 0 0 0 0 0 0 0 0 0 0 0 0 0 0 0 0 0 0 0 0 0 0 0 0 0 0.18758272 0 0 0 123057
11552.891000000001 331725.485 0.5000001 0 51301 100432 0.87442533 -0.67177064 619 155.744 22 42 42 1 0 0 0 0 0 0 0 0 0 0 0 0 0 0 0 0 0 0 0 0 0 0 0 0 0 0 0.18758272 0 0 0 122994
11553.203 331727.136 0.5000001 0 51298 99912 0.87528028 -0.66663803 627 155.742 22 42 42 1 0 0 0 0 0 0 0 0 0 0 0 0 0 0 0 0 0 0 0 0 0 0 0 0 0 0 0.18758272 0 0 0 123092
11553.516 331728.785 0.5000001 0 51335 99442 0.87624763 -0.66120178 625 155.74 22 42 42 1 0 0 0 0 0 0 0 0 0 0 0 0 0 0 0 0 0 0 0 0 0 0 0 0 0 0 0.18758272 0 0 0 123300
11553.789 331730.435 0.5000001 0 51280 98794 0.87723038 -0.65573606 629 155.736 22 42 42 1 0 0 0 0 0 0 0 0 0 0 0 0 0 0 0 0 0 0 0 0 0 0 0 0 0 0 0.18758272 0 0 0 123289
11554.102 331732.085 0.5000001 0 51117 97886 0.87823795 -0.64968641 626 155.735 22 42 42 1 0 0 0 0 0 0 0 0 0 0 0 0 0 0 0 0 0 0 0 0 0 0 0 0 0 0 0.18758272 0 0 0 123021
11554.413999999999 331733.735 0.5000001 0 51060 97144 0.87934553 -0.643193 620 155.733 22 42 42 1 0 0 0 0 0 0 0 0 0 0 0 0 0 0 0 0 0 0 0 0 0 0 0 0 0 0 0.18758272 0 0 0 123020
11554.688 331735.385 0.5000001 0 50982 96337 0.88054911 -0.63637983 612 155.73 22 42 42 1 0 0 0 0 0 0 0 0 0 0 0 0 0 0 0 0 0 0 0 0 0 0 0 0 0 0 0.18758272 0 0 0 122980
11555.0 331737.035 0.5000001 0 50977 95613 0.88191488 -0.62893424 617 155.727 22 42 42 1 0 0 0 0 0 0 0 0 0 0 0 0 0 0 0 0 0 0 0 0 0 0 0 0 0 0 0.18758272 0 0 0 123136
11555.312 331738.670 0.5000001 0 50952 94810 0.88332269 -0.62099088 619 155.726 22 42 42 1 0 0 0 0 0 0 0 0 0 0 0 0 0 0 0 0 0 0 0 0 0 0 0 0 0 0 0.18758272 0 0 0 123249
11555.586 331740.319 0.5000001 0 50815 93795 0.88472421 -0.61291996 612 155.723 22 42 42 1 0 0 0 0 0 0 0 0 0 0 0 0 0 0 0 0 0 0 0 0 0 0 0 0 0 0 0.18758272 0 0 0 123090
11555.898 331741.965 0.5000001 0 50699 92739 0.88622126 -0.60388291 612 155.721 22 42 42 1 0 0 0 0 0 0 0 0 0 0 0 0 0 0 0 0 0 0 0 0 0 0 0 0 0 0 0.18758272 0 0 0 122993
11556.211 331743.595 0.5000001 0 50617 91703 0.88779117 -0.59426761 615 155.717 22 42 42 1 0 0 0 0 0 0 0 0 0 0 0 0 0 0 0 0 0 0 0 0 0 0 0 0 0 0 0.18758272 0 0 0 122987
11556.483999999999 331745.234 0.5000001 0 50472 90494 0.88952095 -0.58386482 605 155.714 22 42 42 1 0 0 0 0 0 0 0 0 0 0 0 0 0 0 0 0 0 0 0 0 0 0 0 0 0 0 0.18758272 0 0 0 122847
11556.796999999999 331746.875 0.5000001 0 50433 89403 0.89136789 -0.57250852 597 155.712 22 42 42 1 0 0 0 0 0 0 0 0 0 0 0 0 0 0 0 0 0 0 0 0 0 0 0 0 0 0 0.18758272 0 0 0 122979
11557.109 331748.520 0.5000001 0 50391 88246 0.89337127 -0.56031578 602 155.709 22 42 42 1 0 0 0 0 0 0 0 0 0 0 0 0 0 0 0 0 0 0 0 0 0 0 0 0 0 0 0.18758272 0 0 0 123123
11557.383 331750.170 0.5000001 0 50251 86887 0.89556033 -0.54757798 614 155.708 22 42 42 1 0 0 0 0 0 0 0 0 0 0 0 0 0 0 0 0 0 0 0 0 0 0 0 0 0 0 0.18758272 0 0 0 123050
11557.695000000002 331751.820 0.5000001 0 50188 85551 0.89792757 -0.53333674 601 155.705 22 42 42 1 0 0 0 0 0 0 0 0 0 0 0 0 0 0 0 0 0 0 0 0 0 0 0 0 0 0 0.18758272 0 0 0 123187
11558.008 331753.487 0.5000001 0 49981 83889 0.90032189 -0.51785156 611 155.703 22 42 42 1 0 0 0 0 0 0 0 0 0 0 0 0 0 0 0 0 0 0 0 0 0 0 0 0 0 0 0.18758272 0 0 0 122973
11558.280999999999 331755.125 0.5000001 0 49860 82297 0.90297341 -0.50111558 603 155.699 22 42 42 1 0 0 0 0 0 0 0 0 0 0 0 0 0 0 0 0 0 0 0 0 0 0 0 0 0 0 0.18758272 0 0 0 123001
11558.594 331756.754 0.5000001 0 49712 80559 0.90581604 -0.48274348 608 155.699 22 42 42 1 0 0 0 0 0 0 0 0 0 0 0 0 0 0 0 0 0 0 0 0 0 0 0 0 0 0 0.18758272 0 0 0 122985
11558.906 331758.399 0.5000001 0 49622 78882 0.90878206 -0.46351878 611 155.695 22 42 42 1 0 0 0 0 0 0 0 0 0 0 0 0 0 0 0 0 0 0 0 0 0 0 0 0 0 0 0.18758272 0 0 0 123127
11559.219000000001 331760.050 0.5000001 0 49455 76892 0.91214506 -0.44133867 606 155.693 22 42 42 1 0 0 0 0 0 0 0 0 0 0 0 0 0 0 0 0 0 0 0 0 0 0 0 0 0 0 0.18758272 0 0 0 123126
11559.492 331761.699 0.5000001 0 49234 74753 0.9157056 -0.4176049 607 155.691 22 42 42 1 0 0 0 0 0 0 0 0 0 0 0 0 0 0 0 0 0 0 0 0 0 0 0 0 0 0 0.18758272 0 0 0 123013
11559.805 331763.349 0.5000001 0 49006 72505 0.91958286 -0.39171279 607 155.689 22 42 42 1 0 0 0 0 0 0 0 0 0 0 0 0 0 0 0 0 0 0 0 0 0 0 0 0 0 0 0.18758272 0 0 0 122919
11560.117 331765.005 0.5000001 0 48819 70151 0.92381271 -0.36253048 617 155.687 22 42 42 1 0 0 0 0 0 0 0 0 0 0 0 0 0 0 0 0 0 0 0 0 0 0 0 0 0 0 0.18758272 0 0 0 122969
11560.391 331766.662 0.5000001 0 48547 67612 0.92845612 -0.33125308 623 155.683 22 42 42 1 0 0 0 0 0 0 0 0 0 0 0 0 0 0 0 0 0 0 0 0 0 0 0 0 0 0 0.18758272 0 0 0 122853
11560.703 331768.304 0.5000001 0 48355 65105 0.93346024 -0.29743172 611 155.681 22 42 42 1 0 0 0 0 0 0 0 0 0 0 0 0 0 0 0 0 0 0 0 0 0 0 0 0 0 0 0.18758272 0 0 0 122981
11561.016 331769.949 0.5000001 0 48176 62396 0.93907794 -0.2586402 621 155.679 22 42 42 1 0 0 0 0 0 0 0 0 0 0 0 0 0 0 0 0 0 0 0 0 0 0 0 0 0 0 0.18758272 0 0 0 123216
11561.289 331771.599 0.5000001 0 47820 59405 0.94517119 -0.21693444 623 155.676 22 42 42 1 0 0 0 0 0 0 0 0 0 0 0 0 0 0 0 0 0 0 0 0 0 0 0 0 0 0 0.18758272 0 0 0 123053
11561.602 331773.254 0.5000001 0 47488 56327 0.95180486 -0.17069695 621 155.673 22 42 42 1 0 0 0 0 0 0 0 0 0 0 0 0 0 0 0 0 0 0 0 0 0 0 0 0 0 0 0.18758272 0 0 0 123012
11561.914 331774.899 0.5000001 0 47084 53077 0.95932386 -0.11981045 629 155.671 22 42 42 1 0 0 0 0 0 0 0 0 0 0 0 0 0 0 0 0 0 0 0 0 0 0 0 0 0 0 0.18758272 0 0 0 122886
11562.188 331776.554 0.5000001 0 46716 49934 0.96723548 -0.066615415 623 155.669 22 42 42 1 0 0 0 0 0 0 0 0 0 0 0 0 0 0 0 0 0 0 0 0 0 0 0 0 0 0 0.18758272 0 0 0 122894
11562.5 331778.204 0.5000001 0 46287 46552 0.97639595 -0.0057088232 612 155.667 22 42 42 1 0 0 0 0 0 0 0 0 0 0 0 0 0 0 0 0 0 0 0 0 0 0 0 0 0 0 0.18758272 0 0 0 122886
11562.812 331779.854 0.5000001 0 45828 43181 0.98643507 0.059494674 607 155.665 22 42 42 1 0 0 0 0 0 0 0 0 0 0 0 0 0 0 0 0 0 0 0 0 0 0 0 0 0 0 0.18758272 0 0 0 122895
11563.086 331781.510 0.5000001 0 45288 39787 0.99760449 0.12950187 606 155.661 22 42 42 1 0 0 0 0 0 0 0 0 0 0 0 0 0 0 0 0 0 0 0 0 0 0 0 0 0 0 0.18758272 0 0 0 122811
11563.398 331783.159 0.5000001 0 44703 36453 1.0100032 0.20401685 607 155.66 22 42 42 1 0 0 0 0 0 0 0 0 0 0 0 0 0 0 0 0 0 0 0 0 0 0 0 0 0 0 0.18758272 0 0 0 122737
11563.711 331784.809 0.5000001 0 44135 33355 1.0234749 0.28004543 606 155.657 22 42 42 1 0 0 0 0 0 0 0 0 0 0 0 0 0 0 0 0 0 0 0 0 0 0 0 0 0 0 0.18758272 0 0 0 122821
11563.984 331786.460 0.5000001 0 43389 30239 1.0386395 0.36107347 613 155.653 22 42 42 1 0 0 0 0 0 0 0 0 0 0 0 0 0 0 0 0 0 0 0 0 0 0 0 0 0 0 0.18758272 0 0 0 122590
11564.297 331788.109 0.5000001 0 42713 27321 1.0560781 0.44684769 616 155.652 22 42 42 1 0 0 0 0 0 0 0 0 0 0 0 0 0 0 0 0 0 0 0 0 0 0 0 0 0 0 0.18758272 0 0 0 122803
11564.609 331789.753 0.5000001 0 41907 24630 1.0750146 0.53148767 618 155.649 22 42 42 1 0 0 0 0 0 0 0 0 0 0 0 0 0 0 0 0 0 0 0 0 0 0 0 0 0 0 0.18758272 0 0 0 122789
11564.921999999999 331791.403 0.5000001 0 40995 22160 1.0961048 0.61516125 624 155.647 22 42 42 1 0 0 0 0 0 0 0 0 0 0 0 0 0 0 0 0 0 0 0 0 0 0 0 0 0 0 0.18758272 0 0 0 122677
11565.195 331793.053 0.5000001 0 40080 20063 1.1181638 0.69200013 615 155.645 22 42 42 1 0 0 0 0 0 0 0 0 0 0 0 0 0 0 0 0 0 0 0 0 0 0 0 0 0 0 0.18758272 0 0 0 122614
11565.508 331794.709 0.5000001 0 39123 18168 1.1429748 0.76704872 612 155.642 22 42 42 1 0 0 0 0 0 0 0 0 0 0 0 0 0 0 0 0 0 0 0 0 0 0 0 0 0 0 0.18758272 0 0 0 122693
11565.780999999999 331796.358 0.5000001 0 38085 16532 1.1696366 0.83452261 609 155.639 22 42 42 1 0 0 0 0 0 0 0 0 0 0 0 0 0 0 0 0 0 0 0 0 0 0 0 0 0 0 0.18758272 0 0 0 122665
11566.094 331798.004 0.5000001 0 37041 15169 1.1979696 0.89277154 611 155.638 22 42 42 1 0 0 0 0 0 0 0 0 0 0 0 0 0 0 0 0 0 0 0 0 0 0 0 0 0 0 0.18758272 0 0 0 122731
11566.406 331799.654 0.5000001 0 35971 14034 1.2275752 0.9412301 611 155.635 22 42 42 1 0 0 0 0 0 0 0 0 0 0 0 0 0 0 0 0 0 0 0 0 0 0 0 0 0 0 0.18758272 0 0 0 122767
11566.719000000001 331801.308 0.5000001 0 34921 13144 1.2559365 0.97712299 612 155.632 22 42 42 1 0 0 0 0 0 0 0 0 0 0 0 0 0 0 0 0 0 0 0 0 0 0 0 0 0 0 0.18758272 0 0 0 122612
11566.992 331802.958 0.5000001 0 33873 12404 1.2854683 1.0045992 606 155.629 22 42 42 1 0 0 0 0 0 0 0 0 0 0 0 0 0 0 0 0 0 0 0 0 0 0 0 0 0 0 0.18758272 0 0 0 122497
11567.304999999998 331804.603 0.5000001 0 32916 11849 1.3137684 1.0217154 606 155.628 22 42 42 1 0 0 0 0 0 0 0 0 0 0 0 0 0 0 0 0 0 0 0 0 0 0 0 0 0 0 0.18758272 0 0 0 122453
11567.617 331806.244 0.5000001 0 32069 11443 1.3398946 1.0305116 604 155.626 22 42 42 1 0 0 0 0 0 0 0 0 0 0 0 0 0 0 0 0 0 0 0 0 0 0 0 0 0 0 0.18758272 0 0 0 122460
11567.891 331807.893 0.5000001 0 31391 11180 1.3618836 1.0323948 609 155.623 22 42 42 1 0 0 0 0 0 0 0 0 0 0 0 0 0 0 0 0 0 0 0 0 0 0 0 0 0 0 0.18758272 0 0 0 122536
11568.203000000001 331809.544 0.5000001 0 30820 11016 1.3800941 1.0288151 622 155.621 22 42 42 1 0 0 0 0 0 0 0 0 0 0 0 0 0 0 0 0 0 0 0 0 0 0 0 0 0 0 0.18758272 0 0 0 122518
11568.516000000001 331811.193 0.5000001 0 30378 10936 1.3928892 1.0216586 616 155.618 22 42 42 1 0 0 0 0 0 0 0 0 0 0 0 0 0 0 0 0 0 0 0 0 0 0 0 0 0 0 0.18758272 0 0 0 122316
11568.789 331812.843 0.5000001 0 30108 10944 1.3998283 1.0119996 619 155.617 22 42 42 1 0 0 0 0 0 0 0 0 0 0 0 0 0 0 0 0 0 0 0 0 0 0 0 0 0 0 0.18758272 0 0 0 122073
11569.102 331814.493 0.5000001 0 30058 11037 1.4006873 1.0018756 615 155.613 22 42 42 1 0 0 0 0 0 0 0 0 0 0 0 0 0 0 0 0 0 0 0 0 0 0 0 0 0 0 0.18758272 0 0 0 121975
11569.414 331816.143 0.5000001 0 30211 11214 1.395446 0.9910431 605 155.611 22 42 42 1 0 0 0 0 0 0 0 0 0 0 0 0 0 0 0 0 0 0 0 0 0 0 0 0 0 0 0.18758272 0 0 0 121955
11569.688 331817.788 0.5000001 0 30540 11458 1.3848608 0.98034912 625 155.609 22 42 42 1 0 0 0 0 0 0 0 0 0 0 0 0 0 0 0 0 0 0 0 0 0 0 0 0 0 0 0.18758272 0 0 0 121985
11570.0 331819.428 0.5000001 0 31020 11753 1.3694217 0.97052363 617 155.606 22 42 42 1 0 0 0 0 0 0 0 0 0 0 0 0 0 0 0 0 0 0 0 0 0 0 0 0 0 0 0.18758272 0 0 0 122004
11570.312 331821.078 0.5000001 0 31594 12082 1.350324 0.96125049 632 155.603 22 42 42 1 0 0 0 0 0 0 0 0 0 0 0 0 0 0 0 0 0 0 0 0 0 0 0 0 0 0 0.18758272 0 0 0 121911
11570.586000000001 331822.728 0.5000001 0 32206 12418 1.3295377 0.95300574 628 155.602 22 42 42 1 0 0 0 0 0 0 0 0 0 0 0 0 0 0 0 0 0 0 0 0 0 0 0 0 0 0 0.18758272 0 0 0 121716
11570.898 331824.381 0.5000001 0 32888 12782 1.3067159 0.94506992 627 155.598 22 42 42 1 0 0 0 0 0 0 0 0 0 0 0 0 0 0 0 0 0 0 0 0 0 0 0 0 0 0 0.18758272 0 0 0 121489
11571.211 331826.027 0.5000001 0 33678 13185 1.2827237 0.93776499 623 155.596 22 42 42 1 0 0 0 0 0 0 0 0 0 0 0 0 0 0 0 0 0 0 0 0 0 0 0 0 0 0 0.18758272 0 0 0 121458
11571.523 331827.672 0.5000001 0 34497 13602 1.2586962 0.93065552 630 155.592 22 42 42 1 0 0 0 0 0 0 0 0 0 0 0 0 0 0 0 0 0 0 0 0 0 0 0 0 0 0 0.18758272 0 0 0 121458
11571.797 331829.320 0.5000001 0 35431 14062 1.2356385 0.92411102 620 155.591 22 42 42 1 0 0 0 0 0 0 0 0 0 0 0 0 0 0 0 0 0 0 0 0 0 0 0 0 0 0 0.18758272 0 0 0 121903
11572.108999999999 331830.958 0.50000008 0 36089 14418 1.2138603 0.91751068 627 155.589 22 42 42 1 0 0 0 0 0 0 0 0 0 0 0 0 0 0 0 0 0 0 0 0 0 0 0 0 0 0 0.18758272 0 0 0 121492
11572.383 331832.597 0.5000001 0 36789 14789 1.1932987 0.91131523 615 155.587 22 42 42 1 0 0 0 0 0 0 0 0 0 0 0 0 0 0 0 0 0 0 0 0 0 0 0 0 0 0 0.18758272 0 0 0 121328
11572.734 331834.238 0.5000001 0 37464 15153 1.1742101 0.90518194 613 155.586 22 42 42 1 0 0 0 0 0 0 0 0 0 0 0 0 0 0 0 0 0 0 0 0 0 0 0 0 0 0 0.18758272 0 0 0 121218
11573.008 331835.878 0.5000001 0 38180 15530 1.1573637 0.89953818 597 155.581 22 42 42 1 0 0 0 0 0 0 0 0 0 0 0 0 0 0 0 0 0 0 0 0 0 0 0 0 0 0 0.18758272 0 0 0 121471
11573.280999999999 331837.527 0.5000001 0 38774 15864 1.1414151 0.89369753 614 155.579 22 42 42 1 0 0 0 0 0 0 0 0 0 0 0 0 0 0 0 0 0 0 0 0 0 0 0 0 0 0 0.18758272 0 0 0 121409
11573.633 331839.163 0.5000001 0 39423 16217 1.1270699 0.88828933 616 155.577 22 42 42 1 0 0 0 0 0 0 0 0 0 0 0 0 0 0 0 0 0 0 0 0 0 0 0 0 0 0 0.18758272 0 0 0 121683
11573.905999999999 331840.804 0.5000001 0 39884 16485 1.1146219 0.88352436 616 155.574 22 42 42 1 0 0 0 0 0 0 0 0 0 0 0 0 0 0 0 0 0 0 0 0 0 0 0 0 0 0 0.18758272 0 0 0 121583
11574.219 331842.448 0.5000001 0 40338 16743 1.1040432 0.87931369 624 155.572 22 42 42 1 0 0 0 0 0 0 0 0 0 0 0 0 0 0 0 0 0 0 0 0 0 0 0 0 0 0 0.18758272 0 0 0 121673
11574.492 331844.097 0.5000001 0 40706 16960 1.0943697 0.87551787 632 155.569 22 42 42 1 0 0 0 0 0 0 0 0 0 0 0 0 0 0 0 0 0 0 0 0 0 0 0 0 0 0 0.18758272 0 0 0 121601
11574.805 331845.757 0.5000001 0 41147 17194 1.086009 0.87259053 623 155.567 22 42 42 1 0 0 0 0 0 0 0 0 0 0 0 0 0 0 0 0 0 0 0 0 0 0 0 0 0 0 0.18758272 0 0 0 121895
11575.117 331847.405 0.5000001 0 41410 17343 1.0787676 0.87033343 626 155.564 22 42 42 1 0 0 0 0 0 0 0 0 0 0 0 0 0 0 0 0 0 0 0 0 0 0 0 0 0 0 0.18758272 0 0 0 121789
11575.391 331849.057 0.5000001 0 41819 17534 1.0727419 0.86920893 634 155.562 22 42 42 1 0 0 0 0 0 0 0 0 0 0 0 0 0 0 0 0 0 0 0 0 0 0 0 0 0 0 0.18758272 0 0 0 122253
11575.703000000001 331850.708 0.50000008 0 42069 17641 1.0675256 0.86908539 625 155.56 22 42 42 1 0 0 0 0 0 0 0 0 0 0 0 0 0 0 0 0 0 0 0 0 0 0 0 0 0 0 0.18758272 0 0 0 122344
11576.016 331852.357 0.5000001 0 42251 17708 1.0631025 0.86961151 623 155.557 22 42 42 1 0 0 0 0 0 0 0 0 0 0 0 0 0 0 0 0 0 0 0 0 0 0 0 0 0 0 0.18758272 0 0 0 122331
11576.328 331854.007 0.5000001 0 42393 17736 1.0593957 0.87138678 625 155.555 22 42 42 1 0 0 0 0 0 0 0 0 0 0 0 0 0 0 0 0 0 0 0 0 0 0 0 0 0 0 0.18758272 0 0 0 122288
11576.601999999999 331855.657 0.5000001 0 42519 17741 1.0564279 0.87407269 642 155.553 22 42 42 1 0 0 0 0 0 0 0 0 0 0 0 0 0 0 0 0 0 0 0 0 0 0 0 0 0 0 0.18758272 0 0 0 122288
11576.914 331857.303 0.5000001 0 42666 17738 1.0539165 0.87769312 635 155.551 22 42 42 1 0 0 0 0 0 0 0 0 0 0 0 0 0 0 0 0 0 0 0 0 0 0 0 0 0 0 0.18758272 0 0 0 122403
11577.188 331858.954 0.5000001 0 42910 17759 1.0518348 0.88221247 621 155.547 22 42 42 1 0 0 0 0 0 0 0 0 0 0 0 0 0 0 0 0 0 0 0 0 0 0 0 0 0 0 0.18758272 0 0 0 122847
11577.5 331860.602 0.5000001 0 43031 17716 1.0501904 0.8874526 630 155.545 22 42 42 1 0 0 0 0 0 0 0 0 0 0 0 0 0 0 0 0 0 0 0 0 0 0 0 0 0 0 0.18758272 0 0 0 122991
11577.813 331862.252 0.5000001 0 43001 17605 1.0489264 0.89304042 629 155.543 22 42 42 1 0 0 0 0 0 0 0 0 0 0 0 0 0 0 0 0 0 0 0 0 0 0 0 0 0 0 0.18758272 0 0 0 122750
11578.086000000001 331863.903 0.5000001 0 43130 17546 1.0480468 0.89939281 636 155.541 22 42 42 1 0 0 0 0 0 0 0 0 0 0 0 0 0 0 0 0 0 0 0 0 0 0 0 0 0 0 0.18758272 0 0 0 123010
11578.398 331865.552 0.5000001 0 43192 17452 1.0472443 0.90620104 623 155.538 22 42 42 1 0 0 0 0 0 0 0 0 0 0 0 0 0 0 0 0 0 0 0 0 0 0 0 0 0 0 0.18758272 0 0 0 123088
11578.711 331867.202 0.5000001 0 43188 17337 1.0466217 0.91271973 621 155.535 22 42 42 1 0 0 0 0 0 0 0 0 0 0 0 0 0 0 0 0 0 0 0 0 0 0 0 0 0 0 0.18758272 0 0 0 123000
11578.984 331868.852 0.5000001 0 43263 17247 1.0463976 0.91965955 627 155.533 22 42 42 1 0 0 0 0 0 0 0 0 0 0 0 0 0 0 0 0 0 0 0 0 0 0 0 0 0 0 0.18758272 0 0 0 123186
11579.297 331870.502 0.5000001 0 43323 17159 1.0462368 0.92616085 619 155.53 22 42 42 1 0 0 0 0 0 0 0 0 0 0 0 0 0 0 0 0 0 0 0 0 0 0 0 0 0 0 0.18758272 0 0 0 123337
11579.609 331872.157 0.5000001 0 43234 17022 1.0463373 0.9321206 618 155.528 22 42 42 1 0 0 0 0 0 0 0 0 0 0 0 0 0 0 0 0 0 0 0 0 0 0 0 0 0 0 0.18758272 0 0 0 123096
11579.883 331873.801 0.5000001 0 43204 16920 1.0463976 0.93743673 628 155.525 22 42 42 1 0 0 0 0 0 0 0 0 0 0 0 0 0 0 0 0 0 0 0 0 0 0 0 0 0 0 0.18758272 0 0 0 123018
11580.195 331875.436 0.5000001 0 43200 16837 1.0466771 0.94226165 630 155.522 22 42 42 1 0 0 0 0 0 0 0 0 0 0 0 0 0 0 0 0 0 0 0 0 0 0 0 0 0 0 0.18758272 0 0 0 123041
11580.508 331877.087 0.5000001 0 43230 16783 1.0471039 0.94616823 618 155.52 22 42 42 1 0 0 0 0 0 0 0 0 0 0 0 0 0 0 0 0 0 0 0 0 0 0 0 0 0 0 0.18758272 0 0 0 123179
11580.781 331878.737 0.5000001 0 43188 16720 1.0475968 0.94895707 608 155.518 22 42 42 1 0 0 0 0 0 0 0 0 0 0 0 0 0 0 0 0 0 0 0 0 0 0 0 0 0 0 0.18758272 0 0 0 123120
11581.094000000001 331880.386 0.5000001 0 43193 16698 1.0482442 0.95038949 619 155.516 22 42 42 1 0 0 0 0 0 0 0 0 0 0 0 0 0 0 0 0 0 0 0 0 0 0 0 0 0 0 0.18758272 0 0 0 123214
11581.405999999999 331882.036 0.5000001 0 43197 16692 1.0488331 0.95084149 617 155.513 22 42 42 1 0 0 0 0 0 0 0 0 0 0 0 0 0 0 0 0 0 0 0 0 0 0 0 0 0 0 0.18758272 0 0 0 123298
11581.719 331883.686 0.5000001 0 43069 16657 1.0493809 0.94997293 617 155.512 22 42 42 1 0 0 0 0 0 0 0 0 0 0 0 0 0 0 0 0 0 0 0 0 0 0 0 0 0 0 0.18758272 0 0 0 123000
11581.992 331885.336 0.5000001 0 43045 16685 1.0500602 0.94773597 617 155.508 22 42 42 1 0 0 0 0 0 0 0 0 0 0 0 0 0 0 0 0 0 0 0 0 0 0 0 0 0 0 0.18758272 0 0 0 123015
11582.305 331886.986 0.5000001 0 43021 16727 1.0506504 0.94466419 620 155.506 22 42 42 1 0 0 0 0 0 0 0 0 0 0 0 0 0 0 0 0 0 0 0 0 0 0 0 0 0 0 0.18758272 0 0 0 123019
11582.617 331888.638 0.5000001 0 43186 16865 1.0512995 0.9402759 624 155.504 22 42 42 1 0 0 0 0 0 0 0 0 0 0 0 0 0 0 0 0 0 0 0 0 0 0 0 0 0 0 0.18758272 0 0 0 123571
11582.891 331890.272 0.5000001 0 43173 16941 1.0518352 0.93547858 621 155.501 22 42 42 1 0 0 0 0 0 0 0 0 0 0 0 0 0 0 0 0 0 0 0 0 0 0 0 0 0 0 0.18758272 0 0 0 123600
11583.203 331891.912 0.5000001 0 43114 17013 1.0523124 0.92987001 628 155.499 22 42 42 1 0 0 0 0 0 0 0 0 0 0 0 0 0 0 0 0 0 0 0 0 0 0 0 0 0 0 0.18758272 0 0 0 123490
11583.516 331893.546 0.5000001 0 42937 17040 1.0525724 0.9241704 629 155.495 22 42 42 1 0 0 0 0 0 0 0 0 0 0 0 0 0 0 0 0 0 0 0 0 0 0 0 0 0 0 0.18758272 0 0 0 123015
11583.788999999999 331895.186 0.5000001 0 42908 17132 1.0528089 0.91811023 634 155.493 22 42 42 1 0 0 0 0 0 0 0 0 0 0 0 0 0 0 0 0 0 0 0 0 0 0 0 0 0 0 0.18758272 0 0 0 122961
11584.101999999999 331896.831 0.50000008 0 43000 17264 1.053177 0.91257671 625 155.49 22 42 42 1 0 0 0 0 0 0 0 0 0 0 0 0 0 0 0 0 0 0 0 0 0 0 0 0 0 0 0.18758272 0 0 0 123270
11584.414 331898.471 0.5000001 0 42916 17328 1.0534598 0.90692103 622 155.489 22 42 42 1 0 0 0 0 0 0 0 0 0 0 0 0 0 0 0 0 0 0 0 0 0 0 0 0 0 0 0.18758272 0 0 0 123064
11584.687 331900.106 0.5000001 0 42972 17439 1.0537715 0.90183966 625 155.485 22 42 42 1 0 0 0 0 0 0 0 0 0 0 0 0 0 0 0 0 0 0 0 0 0 0 0 0 0 0 0.18758272 0 0 0 123263
11585.0 331901.751 0.5000001 0 42820 17451 1.054089 0.89760833 624 155.483 22 42 42 1 0 0 0 0 0 0 0 0 0 0 0 0 0 0 0 0 0 0 0 0 0 0 0 0 0 0 0.18758272 0 0 0 122866
11585.313 331903.396 0.50000008 0 42797 17505 1.0543821 0.89398145 617 155.481 22 42 42 1 0 0 0 0 0 0 0 0 0 0 0 0 0 0 0 0 0 0 0 0 0 0 0 0 0 0 0.18758272 0 0 0 122836
11585.586 331905.050 0.5000001 0 42738 17534 1.0548495 0.8909466 626 155.479 22 42 42 1 0 0 0 0 0 0 0 0 0 0 0 0 0 0 0 0 0 0 0 0 0 0 0 0 0 0 0.18758272 0 0 0 122724
11585.898000000001 331906.695 0.5000001 0 42680 17552 1.0554902 0.88856252 618 155.476 22 42 42 1 0 0 0 0 0 0 0 0 0 0 0 0 0 0 0 0 0 0 0 0 0 0 0 0 0 0 0.18758272 0 0 0 122636
11586.211000000001 331908.336 0.5000001 0 42719 17594 1.0561249 0.88708585 622 155.475 22 42 42 1 0 0 0 0 0 0 0 0 0 0 0 0 0 0 0 0 0 0 0 0 0 0 0 0 0 0 0.18758272 0 0 0 122826
11586.484 331909.985 0.5000001 0 42754 17625 1.0569411 0.88614441 625 155.472 22 42 42 1 0 0 0 0 0 0 0 0 0 0 0 0 0 0 0 0 0 0 0 0 0 0 0 0 0 0 0.18758272 0 0 0 123027
11586.797 331911.630 0.5000001 0 42755 17632 1.0579576 0.88577071 629 155.469 22 42 42 1 0 0 0 0 0 0 0 0 0 0 0 0 0 0 0 0 0 0 0 0 0 0 0 0 0 0 0.18758272 0 0 0 123155
11587.109 331913.280 0.5000001 0 42613 17570 1.0589512 0.88596647 615 155.467 22 42 42 1 0 0 0 0 0 0 0 0 0 0 0 0 0 0 0 0 0 0 0 0 0 0 0 0 0 0 0.18758272 0 0 0 122868
11587.383000000002 331914.931 0.5000001 0 42530 17525 1.0601193 0.88658128 616 155.465 22 42 42 1 0 0 0 0 0 0 0 0 0 0 0 0 0 0 0 0 0 0 0 0 0 0 0 0 0 0 0.18758272 0 0 0 122772
11587.695 331916.581 0.5000001 0 42436 17469 1.0615904 0.88756918 618 155.462 22 42 42 1 0 0 0 0 0 0 0 0 0 0 0 0 0 0 0 0 0 0 0 0 0 0 0 0 0 0 0.18758272 0 0 0 122681
11588.008 331918.230 0.5000001 0 42422 17434 1.0631098 0.88924477 609 155.459 22 42 42 1 0 0 0 0 0 0 0 0 0 0 0 0 0 0 0 0 0 0 0 0 0 0 0 0 0 0 0.18758272 0 0 0 122827
11588.281 331919.880 0.5000001 0 42528 17436 1.0647902 0.89162565 616 155.456 22 42 42 1 0 0 0 0 0 0 0 0 0 0 0 0 0 0 0 0 0 0 0 0 0 0 0 0 0 0 0.18758272 0 0 0 123341
11588.594000000001 331921.532 0.5000001 0 42388 17331 1.0664485 0.8943685 611 155.455 22 42 42 1 0 0 0 0 0 0 0 0 0 0 0 0 0 0 0 0 0 0 0 0 0 0 0 0 0 0 0.18758272 0 0 0 123139
11588.905999999999 331923.180 0.5000001 0 42174 17190 1.068134 0.8974761 616 155.453 22 42 42 1 0 0 0 0 0 0 0 0 0 0 0 0 0 0 0 0 0 0 0 0 0 0 0 0 0 0 0.18758272 0 0 0 122724
11589.219 331924.831 0.5000001 0 42117 17100 1.0697553 0.901373 627 155.451 22 42 42 1 0 0 0 0 0 0 0 0 0 0 0 0 0 0 0 0 0 0 0 0 0 0 0 0 0 0 0.18758272 0 0 0 122757
11589.492 331926.480 0.5000001 0 42035 16985 1.0715575 0.906172 624 155.446 22 42 42 1 0 0 0 0 0 0 0 0 0 0 0 0 0 0 0 0 0 0 0 0 0 0 0 0 0 0 0.18758272 0 0 0 122739
11589.805 331928.130 0.5000001 0 42020 16888 1.073087 0.91154238 620 155.444 22 42 42 1 0 0 0 0 0 0 0 0 0 0 0 0 0 0 0 0 0 0 0 0 0 0 0 0 0 0 0.18758272 0 0 0 122883
11590.117 331929.782 0.5000001 0 42021 16783 1.0747301 0.91780302 614 155.442 22 42 42 1 0 0 0 0 0 0 0 0 0 0 0 0 0 0 0 0 0 0 0 0 0 0 0 0 0 0 0.18758272 0 0 0 123088
11590.43 331931.430 0.50000008 0 41926 16629 1.0762375 0.924758 623 155.439 22 42 42 1 0 0 0 0 0 0 0 0 0 0 0 0 0 0 0 0 0 0 0 0 0 0 0 0 0 0 0.18758272 0 0 0 122995
11590.703 331933.081 0.50000008 0 41848 16473 1.0776443 0.93232133 623 155.437 22 42 42 1 0 0 0 0 0 0 0 0 0 0 0 0 0 0 0 0 0 0 0 0 0 0 0 0 0 0 0.18758272 0 0 0 122939
11591.016 331934.735 0.5000001 0 41743 16303 1.0789357 0.94018263 615 155.433 22 42 42 1 0 0 0 0 0 0 0 0 0 0 0 0 0 0 0 0 0 0 0 0 0 0 0 0 0 0 0.18758272 0 0 0 122789
11591.288999999999 331936.385 0.5000001 0 41688 16139 1.0799283 0.94897461 624 155.432 22 42 42 1 0 0 0 0 0 0 0 0 0 0 0 0 0 0 0 0 0 0 0 0 0 0 0 0 0 0 0.18758272 0 0 0 122749
11591.602 331938.030 0.5000001 0 41630 15975 1.0810191 0.95779606 635 155.428 22 42 42 1 0 0 0 0 0 0 0 0 0 0 0 0 0 0 0 0 0 0 0 0 0 0 0 0 0 0 0.18758272 0 0 0 122712
11591.913999999999 331939.670 0.5000001 0 41707 15847 1.0818974 0.96768877 632 155.427 22 42 42 1 0 0 0 0 0 0 0 0 0 0 0 0 0 0 0 0 0 0 0 0 0 0 0 0 0 0 0.18758272 0 0 0 123047
11592.187 331941.310 0.5000001 0 41620 15664 1.0826274 0.97721574 621 155.424 22 42 42 1 0 0 0 0 0 0 0 0 0 0 0 0 0 0 0 0 0 0 0 0 0 0 0 0 0 0 0.18758272 0 0 0 122880
11592.5 331942.945 0.5000001 0 41533 15484 1.0833845 0.98668106 619 155.422 22 42 42 1 0 0 0 0 0 0 0 0 0 0 0 0 0 0 0 0 0 0 0 0 0 0 0 0 0 0 0.18758272 0 0 0 122716
11592.813 331944.590 0.5000001 0 41526 15342 1.0839359 0.99572557 627 155.421 22 42 42 1 0 0 0 0 0 0 0 0 0 0 0 0 0 0 0 0 0 0 0 0 0 0 0 0 0 0 0.18758272 0 0 0 122763
11593.086 331946.235 0.5000001 0 41445 15176 1.0843395 1.004652 640 155.418 22 42 42 1 0 0 0 0 0 0 0 0 0 0 0 0 0 0 0 0 0 0 0 0 0 0 0 0 0 0 0.18758272 0 0 0 122573
11593.398000000001 331947.874 0.5000001 0 41523 15079 1.0847003 1.0129444 629 155.414 22 42 42 1 0 0 0 0 0 0 0 0 0 0 0 0 0 0 0 0 0 0 0 0 0 0 0 0 0 0 0.18758272 0 0 0 122848
11593.711000000001 331949.515 0.5000001 0 41536 14969 1.0849488 1.0205791 629 155.412 22 42 42 1 0 0 0 0 0 0 0 0 0 0 0 0 0 0 0 0 0 0 0 0 0 0 0 0 0 0 0.18758272 0 0 0 122917
11593.984 331951.149 0.5000001 0 41468 14846 1.0852603 1.0271916 619 155.41 22 42 42 1 0 0 0 0 0 0 0 0 0 0 0 0 0 0 0 0 0 0 0 0 0 0 0 0 0 0 0.18758272 0 0 0 122754
11595.078000000001 331953.140 0.84508332 0 69912 24687 1.0859403 1.0409605 1070 155.406 22 42 42 1 0 0 0 0 0 0 0 0 0 0 0 0 0 0 0 0 0 0 0 0 0 0 0 0 0 0 0.18758272 0 0 0 207095
11596.171999999999 331955.125 0.85244696 0 70478 24952 1.0870336 1.0383466 1049 155.404 22 42 42 1 0 0 0 0 0 0 0 0 0 0 0 0 0 0 0 0 0 0 0 0 0 0 0 0 0 0 0.18758272 0 0 0 209000
11597.305 331957.122 0.85974754 0 70988 25542 1.0889301 1.0221867 1061 155.401 22 42 42 1 0 0 0 0 0 0 0 0 0 0 0 0 0 0 0 0 0 0 0 0 0 0 0 0 0 0 0.18758272 0 0 0 210912
11598.437 331959.145 0.86698664 0 71543 26335 1.0915567 0.99939981 1090 155.398 22 42 42 1 0 0 0 0 0 0 0 0 0 0 0 0 0 0 0 0 0 0 0 0 0 0 0 0 0 0 0.18758272 0 0 0 213120
11599.57 331961.155 0.87416578 0 71853 27066 1.0943725 0.97634404 1106 155.394 22 42 42 1 0 0 0 0 0 0 0 0 0 0 0 0 0 0 0 0 0 0 0 0 0 0 0 0 0 0 0.18758272 0 0 0 214647
11600.742 331963.174 0.88128646 0 72256 27722 1.0973428 0.95798905 1129 155.392 22 42 42 1 0 0 0 0 0 0 0 0 0 0 0 0 0 0 0 0 0 0 0 0 0 0 0 0 0 0 0.18758272 0 0 0 216493
11601.953 331965.221 0.88835006 0 72356 28122 1.100228 0.94504619 1133 155.387 22 42 42 1 0 0 0 0 0 0 0 0 0 0 0 0 0 0 0 0 0 0 0 0 0 0 0 0 0 0 0.18758272 0 0 0 217419
11603.163999999999 331967.256 0.89535794 0 72730 28526 1.1032534 0.935938 1122 155.385 22 42 42 1 0 0 0 0 0 0 0 0 0 0 0 0 0 0 0 0 0 0 0 0 0 0 0 0 0 0 0.18758272 0 0 0 219205
11604.375 331969.300 0.90231138 0 73064 28910 1.1066731 0.92714821 1125 155.383 22 42 42 1 0 0 0 0 0 0 0 0 0 0 0 0 0 0 0 0 0 0 0 0 0 0 0 0 0 0 0.18758272 0 0 0 220966
11605.625 331971.355 0.90921166 0 73300 29316 1.11069 0.91642717 1138 155.381 22 42 42 1 0 0 0 0 0 0 0 0 0 0 0 0 0 0 0 0 0 0 0 0 0 0 0 0 0 0 0.18758272 0 0 0 222572
11606.913999999999 331973.414 0.91605994 0 73364 29674 1.1155205 0.90516211 1155 155.377 22 42 42 1 0 0 0 0 0 0 0 0 0 0 0 0 0 0 0 0 0 0 0 0 0 0 0 0 0 0 0.18758272 0 0 0 223845
11608.203 331975.474 0.9228574 0 73391 29914 1.1213164 0.89747471 1159 155.374 22 42 42 1 0 0 0 0 0 0 0 0 0 0 0 0 0 0 0 0 0 0 0 0 0 0 0 0 0 0 0.18758272 0 0 0 225229
11609.492 331977.548 0.9296052 0 73420 29945 1.1280397 0.89683401 1148 155.371 22 42 42 1 0 0 0 0 0 0 0 0 0 0 0 0 0 0 0 0 0 0 0 0 0 0 0 0 0 0 0.18758272 0 0 0 226838
11610.82 331979.619 0.93630434 0 73550 29770 1.1351581 0.90446427 1162 155.368 22 42 42 1 0 0 0 0 0 0 0 0 0 0 0 0 0 0 0 0 0 0 0 0 0 0 0 0 0 0 0.18758272 0 0 0 228863
11612.187 331981.709 0.9429559 0 73578 29355 1.1418961 0.91888318 1178 155.364 22 42 42 1 0 0 0 0 0 0 0 0 0 0 0 0 0 0 0 0 0 0 0 0 0 0 0 0 0 0 0.18758272 0 0 0 230498
11613.555 331983.819 0.94956086 0 73522 28809 1.1471075 0.93689684 1174 155.362 22 42 42 1 0 0 0 0 0 0 0 0 0 0 0 0 0 0 0 0 0 0 0 0 0 0 0 0 0 0 0.18758272 0 0 0 231526
11614.922 331985.909 0.9561202 0 73749 28318 1.1498 0.95716979 1210 155.358 22 42 42 1 0 0 0 0 0 0 0 0 0 0 0 0 0 0 0 0 0 0 0 0 0 0 0 0 0 0 0.18758272 0 0 0 232867
11616.328 331988.008 0.96263484 0 74222 27913 1.1491234 0.97796807 1203 155.356 22 42 42 1 0 0 0 0 0 0 0 0 0 0 0 0 0 0 0 0 0 0 0 0 0 0 0 0 0 0 0.18758272 0 0 0 234202
11617.734 331990.120 0.9691057 0 75050 27674 1.1452322 0.99766121 1202 155.353 22 42 42 1 0 0 0 0 0 0 0 0 0 0 0 0 0 0 0 0 0 0 0 0 0 0 0 0 0 0 0.18758272 0 0 0 235895
11619.18 331992.239 0.97553362 0 76193 27674 1.1389969 1.0127763 1218 155.348 22 42 42 1 0 0 0 0 0 0 0 0 0 0 0 0 0 0 0 0 0 0 0 0 0 0 0 0 0 0 0.18758272 0 0 0 237999
11620.663999999999 331994.374 0.98191946 0 76859 27708 1.1318012 1.0202514 1236 155.346 22 42 42 1 0 0 0 0 0 0 0 0 0 0 0 0 0 0 0 0 0 0 0 0 0 0 0 0 0 0 0.18758272 0 0 0 238358
11622.109 331996.508 0.98826406 0 77907 28087 1.1241226 1.020209 1226 155.343 22 42 42 1 0 0 0 0 0 0 0 0 0 0 0 0 0 0 0 0 0 0 0 0 0 0 0 0 0 0 0.18758272 0 0 0 239760
11623.633 331998.648 0.99456816 0 78974 28645 1.1166487 1.0141398 1218 155.34 22 42 42 1 0 0 0 0 0 0 0 0 0 0 0 0 0 0 0 0 0 0 0 0 0 0 0 0 0 0 0.18758272 0 0 0 241234
11625.156 332000.793 1.0008326 0 80194 29343 1.1095053 1.0053947 1244 155.336 22 42 42 1 0 0 0 0 0 0 0 0 0 0 0 0 0 0 0 0 0 0 0 0 0 0 0 0 0 0 0.18758272 0 0 0 243217
11626.68 332002.938 1.007058 0 80980 29913 1.1030603 0.99590904 1267 155.333 22 42 42 1 0 0 0 0 0 0 0 0 0 0 0 0 0 0 0 0 0 0 0 0 0 0 0 0 0 0 0.18758272 0 0 0 244023
11628.242 332005.093 1.0132452 0 81923 30544 1.0972605 0.98661151 1253 155.329 22 42 42 1 0 0 0 0 0 0 0 0 0 0 0 0 0 0 0 0 0 0 0 0 0 0 0 0 0 0 0.18758272 0 0 0 245437
11629.804999999998 332007.254 1.0193948 0 82703 31120 1.0924022 0.97740518 1291 155.327 22 42 42 1 0 0 0 0 0 0 0 0 0 0 0 0 0 0 0 0 0 0 0 0 0 0 0 0 0 0 0.18758272 0 0 0 246573
11631.406 332009.423 1.0255076 0 83414 31646 1.0885798 0.9692044 1284 155.323 22 42 42 1 0 0 0 0 0 0 0 0 0 0 0 0 0 0 0 0 0 0 0 0 0 0 0 0 0 0 0.18758272 0 0 0 247744
11633.008 332011.598 1.0315841 0 84483 32263 1.085994 0.96262927 1310 155.32 22 42 42 1 0 0 0 0 0 0 0 0 0 0 0 0 0 0 0 0 0 0 0 0 0 0 0 0 0 0 0.18758272 0 0 0 250271
11634.648000000001 332013.783 1.0376251 0 84560 32507 1.0844835 0.95600589 1297 155.317 22 42 42 1 0 0 0 0 0 0 0 0 0 0 0 0 0 0 0 0 0 0 0 0 0 0 0 0 0 0 0.18758272 0 0 0 250121
11636.288999999999 332015.963 1.0436311 0 85004 32942 1.0838098 0.94794987 1299 155.314 22 42 42 1 0 0 0 0 0 0 0 0 0 0 0 0 0 0 0 0 0 0 0 0 0 0 0 0 0 0 0.18758272 0 0 0 251265
11637.969 332018.153 1.0496027 0 85539 33512 1.0839466 0.93706883 1305 155.309 22 42 42 1 0 0 0 0 0 0 0 0 0 0 0 0 0 0 0 0 0 0 0 0 0 0 0 0 0 0 0.18758272 0 0 0 252881
11639.648 332020.348 1.0555406 0 86144 34199 1.0844861 0.92382391 1324 155.307 22 42 42 1 0 0 0 0 0 0 0 0 0 0 0 0 0 0 0 0 0 0 0 0 0 0 0 0 0 0 0.18758272 0 0 0 254807
11641.367 332022.553 1.0614452 0 86291 34743 1.0851879 0.90974719 1335 155.304 22 42 42 1 0 0 0 0 0 0 0 0 0 0 0 0 0 0 0 0 0 0 0 0 0 0 0 0 0 0 0.18758272 0 0 0 255421
11643.086000000001 332024.758 1.0673171 0 86614 35327 1.0858972 0.89681392 1323 155.3 22 42 42 1 0 0 0 0 0 0 0 0 0 0 0 0 0 0 0 0 0 0 0 0 0 0 0 0 0 0 0.18758272 0 0 0 256559
11644.805 332026.972 1.073157 0 86857 35798 1.0864187 0.88637106 1323 155.298 22 42 42 1 0 0 0 0 0 0 0 0 0 0 0 0 0 0 0 0 0 0 0 0 0 0 0 0 0 0 0.18758272 0 0 0 257413
11646.601999999999 332029.198 1.0789652 0 87323 36253 1.0867546 0.87909175 1323 155.294 22 42 42 1 0 0 0 0 0 0 0 0 0 0 0 0 0 0 0 0 0 0 0 0 0 0 0 0 0 0 0.18758272 0 0 0 258881
11648.358999999999 332031.434 1.0847423 0 87804 36618 1.0870773 0.87456713 1338 155.291 22 42 42 1 0 0 0 0 0 0 0 0 0 0 0 0 0 0 0 0 0 0 0 0 0 0 0 0 0 0 0.18758272 0 0 0 260391
11650.156 332033.667 1.0904888 0 87994 36758 1.087133 0.87291274 1347 155.288 22 42 42 1 0 0 0 0 0 0 0 0 0 0 0 0 0 0 0 0 0 0 0 0 0 0 0 0 0 0 0.18758272 0 0 0 260969
11651.992 332035.902 1.0962052 0 88429 36854 1.0869343 0.87523581 1360 155.284 22 42 42 1 0 0 0 0 0 0 0 0 0 0 0 0 0 0 0 0 0 0 0 0 0 0 0 0 0 0 0.18758272 0 0 0 262207
11653.828000000001 332038.163 1.1018919 0 88977 36813 1.0866238 0.88252687 1367 155.28 22 42 42 1 0 0 0 0 0 0 0 0 0 0 0 0 0 0 0 0 0 0 0 0 0 0 0 0 0 0 0.18758272 0 0 0 263750
11655.703000000001 332040.402 1.1075495 0 89553 36624 1.0861814 0.89412687 1357 155.278 22 42 42 1 0 0 0 0 0 0 0 0 0 0 0 0 0 0 0 0 0 0 0 0 0 0 0 0 0 0 0.18758272 0 0 0 265340
11657.578000000001 332042.667 1.1131783 0 89822 36232 1.0859408 0.90788723 1369 155.273 22 42 42 1 0 0 0 0 0 0 0 0 0 0 0 0 0 0 0 0 0 0 0 0 0 0 0 0 0 0 0.18758272 0 0 0 266073
11659.453 332044.932 1.1187787 0 89990 35815 1.085882 0.92133175 1363 155.271 22 42 42 1 0 0 0 0 0 0 0 0 0 0 0 0 0 0 0 0 0 0 0 0 0 0 0 0 0 0 0.18758272 0 0 0 266555
11661.367 332047.197 1.1243513 0 90377 35581 1.0859855 0.93217802 1390 155.268 22 42 42 1 0 0 0 0 0 0 0 0 0 0 0 0 0 0 0 0 0 0 0 0 0 0 0 0 0 0 0.18758272 0 0 0 267729
11663.32 332049.477 1.1298964 0 90765 35480 1.0865194 0.93930459 1394 155.264 22 42 42 1 0 0 0 0 0 0 0 0 0 0 0 0 0 0 0 0 0 0 0 0 0 0 0 0 0 0 0.18758272 0 0 0 269022
11665.273 332051.752 1.1354144 0 91102 35498 1.0873381 0.9425034 1400 155.262 22 42 42 1 0 0 0 0 0 0 0 0 0 0 0 0 0 0 0 0 0 0 0 0 0 0 0 0 0 0 0.18758272 0 0 0 270242
11667.227 332054.042 1.1409057 0 91273 35568 1.0884335 0.94240866 1397 155.258 22 42 42 1 0 0 0 0 0 0 0 0 0 0 0 0 0 0 0 0 0 0 0 0 0 0 0 0 0 0 0.18758272 0 0 0 271046
11669.219 332056.324 1.1463707 0 91462 35716 1.0895917 0.94032482 1427 155.254 22 42 42 1 0 0 0 0 0 0 0 0 0 0 0 0 0 0 0 0 0 0 0 0 0 0 0 0 0 0 0.18758272 0 0 0 271922
11671.25 332058.627 1.1518098 0 91605 35872 1.0909488 0.93752881 1432 155.251 22 42 42 1 0 0 0 0 0 0 0 0 0 0 0 0 0 0 0 0 0 0 0 0 0 0 0 0 0 0 0.18758272 0 0 0 272717
11673.280999999999 332060.928 1.1572233 0 91981 36140 1.0926258 0.93418175 1463 155.248 22 42 42 1 0 0 0 0 0 0 0 0 0 0 0 0 0 0 0 0 0 0 0 0 0 0 0 0 0 0 0.18758272 0 0 0 274296
11675.312999999998 332063.247 1.1626117 0 91944 36255 1.09458 0.93060239 1448 155.245 22 42 42 1 0 0 0 0 0 0 0 0 0 0 0 0 0 0 0 0 0 0 0 0 0 0 0 0 0 0 0.18758272 0 0 0 274722
11677.383000000002 332065.557 1.1679751 0 92024 36403 1.0964584 0.92739822 1443 155.241 22 42 42 1 0 0 0 0 0 0 0 0 0 0 0 0 0 0 0 0 0 0 0 0 0 0 0 0 0 0 0.18758272 0 0 0 275478
11679.492 332067.872 1.1733141 0 92036 36457 1.098308 0.92604632 1460 155.236 22 42 42 1 0 0 0 0 0 0 0 0 0 0 0 0 0 0 0 0 0 0 0 0 0 0 0 0 0 0 0.18758272 0 0 0 276024
11681.601999999999 332070.202 1.1786288 0 92464 36587 1.0996032 0.92712639 1473 155.234 22 42 42 1 0 0 0 0 0 0 0 0 0 0 0 0 0 0 0 0 0 0 0 0 0 0 0 0 0 0 0.18758272 0 0 0 277667
11683.711000000001 332072.527 1.1839197 0 92752 36579 1.1002533 0.93045496 1488 155.231 22 42 42 1 0 0 0 0 0 0 0 0 0 0 0 0 0 0 0 0 0 0 0 0 0 0 0 0 0 0 0.18758272 0 0 0 278713
11685.898 332074.862 1.1891871 0 92878 36474 1.1001579 0.93468713 1480 155.227 22 42 42 1 0 0 0 0 0 0 0 0 0 0 0 0 0 0 0 0 0 0 0 0 0 0 0 0 0 0 0.18758272 0 0 0 279065
11688.046999999999 332077.207 1.1944312 0 93262 36493 1.0993554 0.93829228 1473 155.223 22 42 42 1 0 0 0 0 0 0 0 0 0 0 0 0 0 0 0 0 0 0 0 0 0 0 0 0 0 0 0.18758272 0 0 0 279994
11690.195 332079.552 1.1996524 0 93696 36624 1.0982387 0.93935174 1490 155.218 22 42 42 1 0 0 0 0 0 0 0 0 0 0 0 0 0 0 0 0 0 0 0 0 0 0 0 0 0 0 0.18758272 0 0 0 280983
11692.422 332081.901 1.204851 0 94344 36976 1.0964937 0.93667862 1500 155.217 22 42 42 1 0 0 0 0 0 0 0 0 0 0 0 0 0 0 0 0 0 0 0 0 0 0 0 0 0 0 0.18758272 0 0 0 282433
11694.648000000001 332084.261 1.2100272 0 94982 37470 1.0945119 0.93014679 1498 155.214 22 42 42 1 0 0 0 0 0 0 0 0 0 0 0 0 0 0 0 0 0 0 0 0 0 0 0 0 0 0 0.18758272 0 0 0 283780
11696.875 332086.617 1.2151814 0 95360 38017 1.0924201 0.91962578 1514 155.21 22 42 42 1 0 0 0 0 0 0 0 0 0 0 0 0 0 0 0 0 0 0 0 0 0 0 0 0 0 0 0.18758272 0 0 0 284314
11699.141 332088.986 1.2203138 0 95868 38738 1.0903587 0.90615121 1503 155.207 22 42 42 1 0 0 0 0 0 0 0 0 0 0 0 0 0 0 0 0 0 0 0 0 0 0 0 0 0 0 0.18758272 0 0 0 285240
11701.406 332091.356 1.2254248 0 96629 39633 1.0884082 0.8912168 1535 155.203 22 42 42 1 0 0 0 0 0 0 0 0 0 0 0 0 0 0 0 0 0 0 0 0 0 0 0 0 0 0 0.18758272 0 0 0 286944
11703.711 332093.731 1.2305145 0 97224 40444 1.0865156 0.87709929 1556 155.2 22 42 42 1 0 0 0 0 0 0 0 0 0 0 0 0 0 0 0 0 0 0 0 0 0 0 0 0 0 0 0.18758272 0 0 0 288165
11706.016 332096.116 1.2355832 0 96996 40809 1.0847184 0.8657671 1524 155.196 22 42 42 1 0 0 0 0 0 0 0 0 0 0 0 0 0 0 0 0 0 0 0 0 0 0 0 0 0 0 0.18758272 0 0 0 286973
11708.359 332098.505 1.2406312 0 97832 41411 1.0829708 0.85970518 1533 155.192 22 42 42 1 0 0 0 0 0 0 0 0 0 0 0 0 0 0 0 0 0 0 0 0 0 0 0 0 0 0 0.18758272 0 0 0 288941
11710.703000000001 332100.891 1.2456588 0 98724 41832 1.0815277 0.85866648 1540 155.189 22 42 42 1 0 0 0 0 0 0 0 0 0 0 0 0 0 0 0 0 0 0 0 0 0 0 0 0 0 0 0.18758272 0 0 0 291155
11713.086000000001 332103.291 1.2506662 0 99158 41885 1.0803064 0.86178677 1560 155.185 22 42 42 1 0 0 0 0 0 0 0 0 0 0 0 0 0 0 0 0 0 0 0 0 0 0 0 0 0 0 0.18758272 0 0 0 292078
11715.469000000001 332105.686 1.2556536 0 99273 41681 1.0791712 0.86782824 1581 155.182 22 42 42 1 0 0 0 0 0 0 0 0 0 0 0 0 0 0 0 0 0 0 0 0 0 0 0 0 0 0 0.18758272 0 0 0 292085
11717.891 332108.096 1.2606212 0 99851 41592 1.0779021 0.87577123 1585 155.179 22 42 42 1 0 0 0 0 0 0 0 0 0 0 0 0 0 0 0 0 0 0 0 0 0 0 0 0 0 0 0.18758272 0 0 0 293413
11720.313 332110.501 1.2655694 0 100422 41475 1.0763967 0.88429047 1586 155.174 22 42 42 1 0 0 0 0 0 0 0 0 0 0 0 0 0 0 0 0 0 0 0 0 0 0 0 0 0 0 0.18758272 0 0 0 294647
11722.773 332112.915 1.2704983 0 100742 41283 1.0749751 0.892112 1592 155.171 22 42 42 1 0 0 0 0 0 0 0 0 0 0 0 0 0 0 0 0 0 0 0 0 0 0 0 0 0 0 0.18758272 0 0 0 295166
11725.234 332115.331 1.2754081 0 100816 41050 1.0735698 0.89850624 1580 155.167 22 42 42 1 0 0 0 0 0 0 0 0 0 0 0 0 0 0 0 0 0 0 0 0 0 0 0 0 0 0 0.18758272 0 0 0 294968
11727.734 332117.755 1.2802991 0 101627 41154 1.0723993 0.90398812 1580 155.164 22 42 42 1 0 0 0 0 0 0 0 0 0 0 0 0 0 0 0 0 0 0 0 0 0 0 0 0 0 0 0.18758272 0 0 0 296993
11730.233999999999 332120.181 1.2851715 0 102663 41386 1.0717472 0.90850912 1588 155.16 22 42 42 1 0 0 0 0 0 0 0 0 0 0 0 0 0 0 0 0 0 0 0 0 0 0 0 0 0 0 0.18758272 0 0 0 299825
11732.773 332122.625 1.2900255 0 102470 41172 1.0713516 0.91181166 1594 155.157 22 42 42 1 0 0 0 0 0 0 0 0 0 0 0 0 0 0 0 0 0 0 0 0 0 0 0 0 0 0 0.18758272 0 0 0 299143
11735.312 332125.071 1.2948613 0 102781 41227 1.071242 0.91350713 1581 155.154 22 42 42 1 0 0 0 0 0 0 0 0 0 0 0 0 0 0 0 0 0 0 0 0 0 0 0 0 0 0 0.18758272 0 0 0 300018
11737.852 332127.515 1.2996792 0 103388 41486 1.0713022 0.91313288 1589 155.149 22 42 42 1 0 0 0 0 0 0 0 0 0 0 0 0 0 0 0 0 0 0 0 0 0 0 0 0 0 0 0.18758272 0 0 0 301808
11740.43 332129.960 1.3044792 0 103593 41648 1.0715322 0.91121641 1623 155.146 22 42 42 1 0 0 0 0 0 0 0 0 0 0 0 0 0 0 0 0 0 0 0 0 0 0 0 0 0 0 0.18758272 0 0 0 302476
11743.047 332132.415 1.3092616 0 104066 41916 1.0716569 0.9093577 1631 155.142 22 42 42 1 0 0 0 0 0 0 0 0 0 0 0 0 0 0 0 0 0 0 0 0 0 0 0 0 0 0 0.18758272 0 0 0 303895
11745.703000000001 332134.870 1.3140266 0 104318 42021 1.071887 0.90927443 1630 155.139 22 42 42 1 0 0 0 0 0 0 0 0 0 0 0 0 0 0 0 0 0 0 0 0 0 0 0 0 0 0 0.18758272 0 0 0 304701
11748.32 332137.325 1.3187744 0 104540 42009 1.0721639 0.91168589 1634 155.136 22 42 42 1 0 0 0 0 0 0 0 0 0 0 0 0 0 0 0 0 0 0 0 0 0 0 0 0 0 0 0.18758272 0 0 0 305434
11750.977 332139.797 1.3235051 0 104678 41877 1.0725719 0.91615222 1634 155.133 22 42 42 1 0 0 0 0 0 0 0 0 0 0 0 0 0 0 0 0 0 0 0 0 0 0 0 0 0 0 0.18758272 0 0 0 305962
11753.672 332142.265 1.3282191 0 105440 41979 1.0733593 0.92097258 1651 155.127 22 42 42 1 0 0 0 0 0 0 0 0 0 0 0 0 0 0 0 0 0 0 0 0 0 0 0 0 0 0 0.18758272 0 0 0 308432
11756.328 332144.745 1.3329163 0 105640 41982 1.0740547 0.92279613 1648 155.124 22 42 42 1 0 0 0 0 0 0 0 0 0 0 0 0 0 0 0 0 0 0 0 0 0 0 0 0 0 0 0.18758272 0 0 0 309232
11759.063 332147.215 1.3375971 0 105697 42175 1.07485 0.91874888 1640 155.12 22 42 42 1 0 0 0 0 0 0 0 0 0 0 0 0 0 0 0 0 0 0 0 0 0 0 0 0 0 0 0.18758272 0 0 0 309645
11761.797 332149.714 1.3422615 0 106105 42793 1.0756852 0.90805463 1687 155.117 22 42 42 1 0 0 0 0 0 0 0 0 0 0 0 0 0 0 0 0 0 0 0 0 0 0 0 0 0 0 0.18758272 0 0 0 311100
11764.530999999999 332152.205 1.3469098 0 106467 43575 1.0761772 0.89335149 1707 155.113 22 42 42 1 0 0 0 0 0 0 0 0 0 0 0 0 0 0 0 0 0 0 0 0 0 0 0 0 0 0 0.18758272 0 0 0 312315
11767.344 332154.705 1.351542 0 106148 44100 1.0764623 0.87837456 1706 155.11 22 42 42 1 0 0 0 0 0 0 0 0 0 0 0 0 0 0 0 0 0 0 0 0 0 0 0 0 0 0 0.18758272 0 0 0 311468
11770.117 332157.210 1.3561585 0 106588 44801 1.0764684 0.86674047 1674 155.106 22 42 42 1 0 0 0 0 0 0 0 0 0 0 0 0 0 0 0 0 0 0 0 0 0 0 0 0 0 0 0.18758272 0 0 0 312761
11772.93 332159.720 1.3607593 0 106797 45268 1.076126 0.85832946 1685 155.104 22 42 42 1 0 0 0 0 0 0 0 0 0 0 0 0 0 0 0 0 0 0 0 0 0 0 0 0 0 0 0.18758272 0 0 0 313267
11775.741999999998 332162.241 1.3653446 0 107289 45733 1.0754452 0.85270599 1678 155.099 22 42 42 1 0 0 0 0 0 0 0 0 0 0 0 0 0 0 0 0 0 0 0 0 0 0 0 0 0 0 0.18758272 0 0 0 314496
11778.594 332164.765 1.3699146 0 107355 45957 1.0741782 0.84843492 1697 155.095 22 42 42 1 0 0 0 0 0 0 0 0 0 0 0 0 0 0 0 0 0 0 0 0 0 0 0 0 0 0 0.18758272 0 0 0 314291
11781.484 332167.289 1.3744693 0 107699 46238 1.0725655 0.84553833 1694 155.091 22 42 42 1 0 0 0 0 0 0 0 0 0 0 0 0 0 0 0 0 0 0 0 0 0 0 0 0 0 0 0.18758272 0 0 0 314790
11784.375 332169.813 1.379009 0 108242 46544 1.0708441 0.84397136 1686 155.087 22 42 42 1 0 0 0 0 0 0 0 0 0 0 0 0 0 0 0 0 0 0 0 0 0 0 0 0 0 0 0.18758272 0 0 0 315833
11787.266000000001 332172.349 1.3835338 0 108637 46739 1.0690647 0.84343312 1684 155.082 22 42 42 1 0 0 0 0 0 0 0 0 0 0 0 0 0 0 0 0 0 0 0 0 0 0 0 0 0 0 0.18758272 0 0 0 316422
11790.195000000002 332174.885 1.3880439 0 108983 46893 1.0674827 0.8433235 1673 155.08 22 42 42 1 0 0 0 0 0 0 0 0 0 0 0 0 0 0 0 0 0 0 0 0 0 0 0 0 0 0 0.18758272 0 0 0 316928
11793.125 332177.435 1.3925394 0 109268 46967 1.066063 0.84435835 1712 155.075 22 42 42 1 0 0 0 0 0 0 0 0 0 0 0 0 0 0 0 0 0 0 0 0 0 0 0 0 0 0 0.18758272 0 0 0 317306
11796.094000000001 332179.969 1.3970204 0 109627 46994 1.0648199 0.84706376 1694 155.072 22 42 42 1 0 0 0 0 0 0 0 0 0 0 0 0 0 0 0 0 0 0 0 0 0 0 0 0 0 0 0.18758272 0 0 0 317953
11799.062 332182.514 1.401487 0 110176 46986 1.0637419 0.8522294 1714 155.069 22 42 42 1 0 0 0 0 0 0 0 0 0 0 0 0 0 0 0 0 0 0 0 0 0 0 0 0 0 0 0.18758272 0 0 0 319201
11802.07 332185.064 1.4059395 0 110444 46747 1.0627587 0.85975852 1734 155.065 22 42 42 1 0 0 0 0 0 0 0 0 0 0 0 0 0 0 0 0 0 0 0 0 0 0 0 0 0 0 0.18758272 0 0 0 319663
11805.116999999998 332187.622 1.4103779 0 110775 46442 1.0617101 0.86929689 1772 155.06 22 42 42 1 0 0 0 0 0 0 0 0 0 0 0 0 0 0 0 0 0 0 0 0 0 0 0 0 0 0 0.18758272 0 0 0 320285
11808.163999999999 332190.184 1.4148024 0 111127 46112 1.060755 0.87960047 1758 155.058 22 42 42 1 0 0 0 0 0 0 0 0 0 0 0 0 0 0 0 0 0 0 0 0 0 0 0 0 0 0 0.18758272 0 0 0 320996
11811.211 332192.738 1.4192131 0 111474 45818 1.0601047 0.88911435 1738 155.052 22 42 42 1 0 0 0 0 0 0 0 0 0 0 0 0 0 0 0 0 0 0 0 0 0 0 0 0 0 0 0.18758272 0 0 0 321789
11814.297 332195.309 1.4236102 0 111960 45709 1.0595138 0.89584645 1781 155.048 22 42 42 1 0 0 0 0 0 0 0 0 0 0 0 0 0 0 0 0 0 0 0 0 0 0 0 0 0 0 0.18758272 0 0 0 323001
11817.383 332197.882 1.4279937 0 111996 45609 1.0589848 0.89835809 1763 155.046 22 42 42 1 0 0 0 0 0 0 0 0 0 0 0 0 0 0 0 0 0 0 0 0 0 0 0 0 0 0 0.18758272 0 0 0 322934
11820.508 332200.468 1.4323638 0 112796 46009 1.058675 0.89674385 1774 155.041 22 42 42 1 0 0 0 0 0 0 0 0 0 0 0 0 0 0 0 0 0 0 0 0 0 0 0 0 0 0 0.18758272 0 0 0 325140
11823.633 332203.053 1.4367205 0 112821 46272 1.0584103 0.89126547 1782 155.039 22 42 42 1 0 0 0 0 0 0 0 0 0 0 0 0 0 0 0 0 0 0 0 0 0 0 0 0 0 0 0.18758272 0 0 0 325126
11826.796999999999 332205.641 1.4410642 0 113056 46757 1.0579246 0.88291929 1787 155.035 22 42 42 1 0 0 0 0 0 0 0 0 0 0 0 0 0 0 0 0 0 0 0 0 0 0 0 0 0 0 0.18758272 0 0 0 325645
11829.961000000001 332208.243 1.4453947 0 113256 47372 1.0573233 0.87161941 1793 155.031 22 42 42 1 0 0 0 0 0 0 0 0 0 0 0 0 0 0 0 0 0 0 0 0 0 0 0 0 0 0 0.18758272 0 0 0 326025
11833.164 332210.833 1.4497124 0 113625 48184 1.0565794 0.85787654 1780 155.026 22 42 42 1 0 0 0 0 0 0 0 0 0 0 0 0 0 0 0 0 0 0 0 0 0 0 0 0 0 0 0.18758272 0 0 0 326844
11836.366999999998 332213.429 1.4540171 0 114061 49063 1.0555055 0.84362821 1774 155.022 22 42 42 1 0 0 0 0 0 0 0 0 0 0 0 0 0 0 0 0 0 0 0 0 0 0 0 0 0 0 0.18758272 0 0 0 327746
11839.57 332216.038 1.4583093 0 113930 49612 1.0541557 0.83135148 1768 155.019 22 42 42 1 0 0 0 0 0 0 0 0 0 0 0 0 0 0 0 0 0 0 0 0 0 0 0 0 0 0 0.18758272 0 0 0 326928
11842.852 332218.643 1.4625888 0 113917 50011 1.0525861 0.82322713 1751 155.016 22 42 42 1 0 0 0 0 0 0 0 0 0 0 0 0 0 0 0 0 0 0 0 0 0 0 0 0 0 0 0.18758272 0 0 0 326378
11846.094000000001 332221.248 1.4668558 0 114722 50568 1.0509407 0.81919285 1774 155.012 22 42 42 1 0 0 0 0 0 0 0 0 0 0 0 0 0 0 0 0 0 0 0 0 0 0 0 0 0 0 0.18758272 0 0 0 328144
11849.413999999999 332223.869 1.4711104 0 114734 50610 1.0493875 0.81846722 1782 155.01 22 42 42 1 0 0 0 0 0 0 0 0 0 0 0 0 0 0 0 0 0 0 0 0 0 0 0 0 0 0 0.18758272 0 0 0 327669
11852.734 332226.498 1.4753528 0 114996 50632 1.0482748 0.82031356 1787 155.003 22 42 42 1 0 0 0 0 0 0 0 0 0 0 0 0 0 0 0 0 0 0 0 0 0 0 0 0 0 0 0.18758272 0 0 0 328052
11856.016 332229.122 1.479583 0 115059 50539 1.0475381 0.82269972 1830 155 22 42 42 1 0 0 0 0 0 0 0 0 0 0 0 0 0 0 0 0 0 0 0 0 0 0 0 0 0 0 0.18758272 0 0 0 327990
11859.375 332231.762 1.4838012 0 115590 50757 1.047026 0.82299991 1813 154.996 22 42 42 1 0 0 0 0 0 0 0 0 0 0 0 0 0 0 0 0 0 0 0 0 0 0 0 0 0 0 0.18758272 0 0 0 329335
11862.734 332234.397 1.4880074 0 115546 50903 1.0467476 0.81974686 1824 154.993 22 42 42 1 0 0 0 0 0 0 0 0 0 0 0 0 0 0 0 0 0 0 0 0 0 0 0 0 0 0 0.18758272 0 0 0 329118
11866.133 332237.037 1.4922017 0 115633 51192 1.0465994 0.81483811 1791 154.988 22 42 42 1 0 0 0 0 0 0 0 0 0 0 0 0 0 0 0 0 0 0 0 0 0 0 0 0 0 0 0.18758272 0 0 0 329317
11869.531 332239.693 1.4963843 0 114985 51081 1.046497 0.81138908 1817 154.985 22 42 42 1 0 0 0 0 0 0 0 0 0 0 0 0 0 0 0 0 0 0 0 0 0 0 0 0 0 0 0.18758272 0 0 0 327438
11872.969 332242.347 1.5005552 0 115865 51467 1.0462396 0.81148489 1827 154.98 22 42 42 1 0 0 0 0 0 0 0 0 0 0 0 0 0 0 0 0 0 0 0 0 0 0 0 0 0 0 0.18758272 0 0 0 329859
11876.405999999999 332244.992 1.5047146 0 115627 51198 1.0461076 0.81466902 1851 154.977 22 42 42 1 0 0 0 0 0 0 0 0 0 0 0 0 0 0 0 0 0 0 0 0 0 0 0 0 0 0 0.18758272 0 0 0 329138
11879.883 332247.637 1.5088625 0 115484 50871 1.0458796 0.81983898 1856 154.972 22 42 42 1 0 0 0 0 0 0 0 0 0 0 0 0 0 0 0 0 0 0 0 0 0 0 0 0 0 0 0.18758272 0 0 0 328656
11883.32 332250.293 1.512999 0 116129 50854 1.0455661 0.82574286 1854 154.969 22 42 42 1 0 0 0 0 0 0 0 0 0 0 0 0 0 0 0 0 0 0 0 0 0 0 0 0 0 0 0.18758272 0 0 0 330388
11886.836000000001 332252.948 1.5171243 0 117383 51091 1.0453845 0.83183374 1876 154.964 22 42 42 1 0 0 0 0 0 0 0 0 0 0 0 0 0 0 0 0 0 0 0 0 0 0 0 0 0 0 0.18758272 0 0 0 333895
11890.313 332255.622 1.5212383 0 117236 50746 1.045055 0.8373562 1891 154.959 22 42 42 1 0 0 0 0 0 0 0 0 0 0 0 0 0 0 0 0 0 0 0 0 0 0 0 0 0 0 0.18758272 0 0 0 333367
11893.867 332258.297 1.5253413 0 117239 50544 1.0449184 0.84137034 1879 154.956 22 42 42 1 0 0 0 0 0 0 0 0 0 0 0 0 0 0 0 0 0 0 0 0 0 0 0 0 0 0 0.18758272 0 0 0 333330
11897.422 332260.971 1.5294332 0 117839 50727 1.044659 0.84286097 1892 154.953 22 42 42 1 0 0 0 0 0 0 0 0 0 0 0 0 0 0 0 0 0 0 0 0 0 0 0 0 0 0 0.18758272 0 0 0 334949
11901.016 332263.652 1.5335142 0 118101 50973 1.0442159 0.84024411 1914 154.949 22 42 42 1 0 0 0 0 0 0 0 0 0 0 0 0 0 0 0 0 0 0 0 0 0 0 0 0 0 0 0.18758272 0 0 0 335545
11904.57 332266.327 1.5375845 0 118246 51374 1.043552 0.83363499 1911 154.944 22 42 42 1 0 0 0 0 0 0 0 0 0 0 0 0 0 0 0 0 0 0 0 0 0 0 0 0 0 0 0.18758272 0 0 0 335734
11908.203 332269.022 1.5416439 0 118673 52097 1.0425472 0.82326445 1903 154.94 22 42 42 1 0 0 0 0 0 0 0 0 0 0 0 0 0 0 0 0 0 0 0 0 0 0 0 0 0 0 0.18758272 0 0 0 336608
11911.836 332271.716 1.5456927 0 119308 53025 1.0412517 0.81094488 1944 154.937 22 42 42 1 0 0 0 0 0 0 0 0 0 0 0 0 0 0 0 0 0 0 0 0 0 0 0 0 0 0 0.18758272 0 0 0 337971
11915.469 332274.406 1.5497309 0 119732 53839 1.0394927 0.7992578 1925 154.933 22 42 42 1 0 0 0 0 0 0 0 0 0 0 0 0 0 0 0 0 0 0 0 0 0 0 0 0 0 0 0.18758272 0 0 0 338576
11919.141 332277.106 1.5537587 0 119643 54285 1.0377493 0.79026436 1898 154.93 22 42 42 1 0 0 0 0 0 0 0 0 0 0 0 0 0 0 0 0 0 0 0 0 0 0 0 0 0 0 0.18758272 0 0 0 337735
11922.812 332279.801 1.557776 0 120386 54921 1.0359456 0.78480746 1916 154.925 22 42 42 1 0 0 0 0 0 0 0 0 0 0 0 0 0 0 0 0 0 0 0 0 0 0 0 0 0 0 0.18758272 0 0 0 339220
11926.562 332282.506 1.5617829 0 120956 55302 1.0342538 0.78261777 1942 154.921 22 42 42 1 0 0 0 0 0 0 0 0 0 0 0 0 0 0 0 0 0 0 0 0 0 0 0 0 0 0 0.18758272 0 0 0 340250
11930.273 332285.227 1.5657797 0 121430 55524 1.0326794 0.78252261 1938 154.917 22 42 42 1 0 0 0 0 0 0 0 0 0 0 0 0 0 0 0 0 0 0 0 0 0 0 0 0 0 0 0.18758272 0 0 0 341046
11934.023 332287.931 1.5697662 0 121486 55509 1.031532 0.78325386 1924 154.914 22 42 42 1 0 0 0 0 0 0 0 0 0 0 0 0 0 0 0 0 0 0 0 0 0 0 0 0 0 0 0.18758272 0 0 0 340812
11937.773 332290.652 1.5737426 0 121881 55665 1.0306685 0.78369358 1979 154.911 22 42 42 1 0 0 0 0 0 0 0 0 0 0 0 0 0 0 0 0 0 0 0 0 0 0 0 0 0 0 0.18758272 0 0 0 341625
11941.562 332293.376 1.5777091 0 122442 55910 1.0297985 0.78389419 1990 154.905 22 42 42 1 0 0 0 0 0 0 0 0 0 0 0 0 0 0 0 0 0 0 0 0 0 0 0 0 0 0 0.18758272 0 0 0 342899
11945.351999999999 332296.121 1.5816656 0 122250 55864 1.0290087 0.78314796 2010 154.902 22 42 42 1 0 0 0 0 0 0 0 0 0 0 0 0 0 0 0 0 0 0 0 0 0 0 0 0 0 0 0.18758272 0 0 0 342091
11949.18 332298.860 1.5856122 0 122798 56244 1.0282912 0.78084136 1972 154.897 22 42 42 1 0 0 0 0 0 0 0 0 0 0 0 0 0 0 0 0 0 0 0 0 0 0 0 0 0 0 0.18758272 0 0 0 343378
11953.047 332301.587 1.589549 0 123667 56877 1.027678 0.77670143 1996 154.893 22 42 42 1 0 0 0 0 0 0 0 0 0 0 0 0 0 0 0 0 0 0 0 0 0 0 0 0 0 0 0.18758272 0 0 0 345596
11956.875 332304.326 1.5934761 0 123208 56902 1.0271426 0.77254349 1996 154.889 22 42 42 1 0 0 0 0 0 0 0 0 0 0 0 0 0 0 0 0 0 0 0 0 0 0 0 0 0 0 0.18758272 0 0 0 344129
11960.742 332307.071 1.5973935 0 124094 57392 1.0264942 0.77113442 1990 154.885 22 42 42 1 0 0 0 0 0 0 0 0 0 0 0 0 0 0 0 0 0 0 0 0 0 0 0 0 0 0 0.18758272 0 0 0 346379
11964.648000000001 332309.810 1.6013013 0 124392 57439 1.0259561 0.77271435 2016 154.881 22 42 42 1 0 0 0 0 0 0 0 0 0 0 0 0 0 0 0 0 0 0 0 0 0 0 0 0 0 0 0.18758272 0 0 0 347024
11968.594 332312.556 1.6051997 0 124786 57420 1.0254786 0.7762076 2003 154.876 22 42 42 1 0 0 0 0 0 0 0 0 0 0 0 0 0 0 0 0 0 0 0 0 0 0 0 0 0 0 0.18758272 0 0 0 347957
11972.5 332315.300 1.6090885 0 124871 57284 1.024904 0.77925985 1999 154.873 22 42 42 1 0 0 0 0 0 0 0 0 0 0 0 0 0 0 0 0 0 0 0 0 0 0 0 0 0 0 0.18758272 0 0 0 347994
11976.445 332318.050 1.6129681 0 124851 57189 1.0241903 0.78075945 2017 154.869 22 42 42 1 0 0 0 0 0 0 0 0 0 0 0 0 0 0 0 0 0 0 0 0 0 0 0 0 0 0 0.18758272 0 0 0 347690
11980.43 332320.805 1.6168383 0 125110 57298 1.0234516 0.78092763 2020 154.865 22 42 42 1 0 0 0 0 0 0 0 0 0 0 0 0 0 0 0 0 0 0 0 0 0 0 0 0 0 0 0.18758272 0 0 0 348154
11984.413999999999 332323.560 1.6206992 0 125809 57632 1.0225624 0.78068691 2027 154.861 22 42 42 1 0 0 0 0 0 0 0 0 0 0 0 0 0 0 0 0 0 0 0 0 0 0 0 0 0 0 0.18758272 0 0 0 349788
11988.437 332326.330 1.624551 0 125866 57678 1.0214745 0.78034203 1987 154.858 22 42 42 1 0 0 0 0 0 0 0 0 0 0 0 0 0 0 0 0 0 0 0 0 0 0 0 0 0 0 0.18758272 0 0 0 349566
11992.461000000001 332329.095 1.6283937 0 126194 57869 1.0203813 0.77963857 2015 154.852 22 42 42 1 0 0 0 0 0 0 0 0 0 0 0 0 0 0 0 0 0 0 0 0 0 0 0 0 0 0 0.18758272 0 0 0 350094
11996.523 332331.881 1.6322273 0 126500 58156 1.0192183 0.77711325 2036 154.85 22 42 42 1 0 0 0 0 0 0 0 0 0 0 0 0 0 0 0 0 0 0 0 0 0 0 0 0 0 0 0.18758272 0 0 0 350535
12000.586 332334.660 1.6360519 0 126694 58536 1.0178712 0.77213278 2044 154.845 22 42 42 1 0 0 0 0 0 0 0 0 0 0 0 0 0 0 0 0 0 0 0 0 0 0 0 0 0 0 0.18758272 0 0 0 350600
12004.687 332337.440 1.6398677 0 126752 59009 1.0165375 0.76454245 1999 154.841 22 42 42 1 0 0 0 0 0 0 0 0 0 0 0 0 0 0 0 0 0 0 0 0 0 0 0 0 0 0 0.18758272 0 0 0 350293
12008.789 332340.239 1.6436745 0 127149 59768 1.0153411 0.75488923 2000 154.836 22 42 42 1 0 0 0 0 0 0 0 0 0 0 0 0 0 0 0 0 0 0 0 0 0 0 0 0 0 0 0.18758272 0 0 0 350970
12012.891 332343.029 1.6474726 0 127322 60505 1.0143916 0.7439933 2023 154.833 22 42 42 1 0 0 0 0 0 0 0 0 0 0 0 0 0 0 0 0 0 0 0 0 0 0 0 0 0 0 0.18758272 0 0 0 351114
12017.030999999999 332345.815 1.6512619 0 127238 61095 1.0135695 0.73362932 2039 154.829 22 42 42 1 0 0 0 0 0 0 0 0 0 0 0 0 0 0 0 0 0 0 0 0 0 0 0 0 0 0 0.18758272 0 0 0 350594
12021.211 332348.615 1.6550426 0 126993 61429 1.0128665 0.72624993 2056 154.824 22 42 42 1 0 0 0 0 0 0 0 0 0 0 0 0 0 0 0 0 0 0 0 0 0 0 0 0 0 0 0.18758272 0 0 0 349673
12025.391000000001 332351.409 1.6588146 0 127126 61726 1.0122629 0.72247348 2057 154.82 22 42 42 1 0 0 0 0 0 0 0 0 0 0 0 0 0 0 0 0 0 0 0 0 0 0 0 0 0 0 0.18758272 0 0 0 349828
12029.57 332354.219 1.6625781 0 127176 61835 1.0116295 0.72110241 2076 154.816 22 42 42 1 0 0 0 0 0 0 0 0 0 0 0 0 0 0 0 0 0 0 0 0 0 0 0 0 0 0 0.18758272 0 0 0 349744
12033.828 332357.029 1.6663331 0 127036 61748 1.011097 0.72140892 2098 154.812 22 42 42 1 0 0 0 0 0 0 0 0 0 0 0 0 0 0 0 0 0 0 0 0 0 0 0 0 0 0 0.18758272 0 0 0 349173
12038.047 332359.839 1.6700796 0 127083 61707 1.0106068 0.72244304 2070 154.806 22 42 42 1 0 0 0 0 0 0 0 0 0 0 0 0 0 0 0 0 0 0 0 0 0 0 0 0 0 0 0.18758272 0 0 0 349131
12042.305 332362.672 1.6738178 0 127409 61788 1.009942 0.72369321 2076 154.803 22 42 42 1 0 0 0 0 0 0 0 0 0 0 0 0 0 0 0 0 0 0 0 0 0 0 0 0 0 0 0.18758272 0 0 0 349794
12046.602 332365.491 1.6775476 0 127297 61679 1.0092393 0.72457942 2064 154.799 22 42 42 1 0 0 0 0 0 0 0 0 0 0 0 0 0 0 0 0 0 0 0 0 0 0 0 0 0 0 0.18758272 0 0 0 349241
12050.898 332368.309 1.6812692 0 125371 60713 1.0085238 0.7251195 2079 154.796 22 42 42 1 0 0 0 0 0 0 0 0 0 0 0 0 0 0 0 0 0 0 0 0 0 0 0 0 0 0 0.18758272 0 0 0 343711
12055.195 332371.144 1.6849825 0 126881 61373 1.007656 0.72627964 2122 154.791 22 42 42 1 0 0 0 0 0 0 0 0 0 0 0 0 0 0 0 0 0 0 0 0 0 0 0 0 0 0 0.18758272 0 0 0 347549
12059.530999999999 332373.969 1.6886876 0 128016 61859 1.0068059 0.72729765 2112 154.786 22 42 42 1 0 0 0 0 0 0 0 0 0 0 0 0 0 0 0 0 0 0 0 0 0 0 0 0 0 0 0.18758272 0 0 0 350360
12063.867 332376.809 1.6923847 0 127981 61838 1.0057341 0.72736375 2110 154.784 22 42 42 1 0 0 0 0 0 0 0 0 0 0 0 0 0 0 0 0 0 0 0 0 0 0 0 0 0 0 0.18758272 0 0 0 349889
12068.281 332379.647 1.6960737 0 128615 62191 1.0046492 0.72661315 2101 154.778 22 42 42 1 0 0 0 0 0 0 0 0 0 0 0 0 0 0 0 0 0 0 0 0 0 0 0 0 0 0 0.18758272 0 0 0 351241
12072.656 332382.494 1.6997547 0 128473 62213 1.0032938 0.72515478 2130 154.774 22 42 42 1 0 0 0 0 0 0 0 0 0 0 0 0 0 0 0 0 0 0 0 0 0 0 0 0 0 0 0.18758272 0 0 0 350378
12077.070000000002 332385.353 1.7034277 0 128341 62230 1.0018471 0.72385359 2096 154.77 22 42 42 1 0 0 0 0 0 0 0 0 0 0 0 0 0 0 0 0 0 0 0 0 0 0 0 0 0 0 0.18758272 0 0 0 349512
12081.484 332388.214 1.7070928 0 128390 62346 1.0002 0.72237299 2086 154.766 22 42 42 1 0 0 0 0 0 0 0 0 0 0 0 0 0 0 0 0 0 0 0 0 0 0 0 0 0 0 0.18758272 0 0 0 349070
12085.938 332391.068 1.7107501 0 128442 62533 0.99871444 0.71978302 2081 154.761 22 42 42 1 0 0 0 0 0 0 0 0 0 0 0 0 0 0 0 0 0 0 0 0 0 0 0 0 0 0 0.18758272 0 0 0 348693
12090.43 332393.933 1.7143996 0 128769 62969 0.99724951 0.71537756 2126 154.756 22 42 42 1 0 0 0 0 0 0 0 0 0 0 0 0 0 0 0 0 0 0 0 0 0 0 0 0 0 0 0.18758272 0 0 0 349069
12094.922 332396.804 1.7180413 0 128551 63216 0.99576182 0.70976828 2165 154.753 22 42 42 1 0 0 0 0 0 0 0 0 0 0 0 0 0 0 0 0 0 0 0 0 0 0 0 0 0 0 0.18758272 0 0 0 347960
12099.413999999999 332399.663 1.7216753 0 128484 63548 0.99449399 0.70400886 2149 154.749 22 42 42 1 0 0 0 0 0 0 0 0 0 0 0 0 0 0 0 0 0 0 0 0 0 0 0 0 0 0 0.18758272 0 0 0 347338
12103.945 332402.533 1.7253017 0 128969 64144 0.99347776 0.69844151 2192 154.743 22 42 42 1 0 0 0 0 0 0 0 0 0 0 0 0 0 0 0 0 0 0 0 0 0 0 0 0 0 0 0.18758272 0 0 0 348295
12108.477 332405.398 1.7289205 0 129296 64643 0.99242588 0.69322453 2139 154.74 22 42 42 1 0 0 0 0 0 0 0 0 0 0 0 0 0 0 0 0 0 0 0 0 0 0 0 0 0 0 0.18758272 0 0 0 348811
12113.047 332408.273 1.7325317 0 129262 64940 0.99137498 0.68837759 2142 154.736 22 42 42 1 0 0 0 0 0 0 0 0 0 0 0 0 0 0 0 0 0 0 0 0 0 0 0 0 0 0 0.18758272 0 0 0 348353