#
#    Ti-foil  Ti K-edge  T=293 K
#
#    PETRA III Extension Beamline P65
#    DCM Crystal: Si(111)
#
#    Energy (eV)               Absorpion coeff.
4.821460000000000036e+03 -6.424374941488970869e-02
4.826460000000000036e+03 -7.102518702462334854e-02
4.831460000000000036e+03 -7.771173392345703812e-02
4.836460000000000036e+03 -8.443496941819722545e-02
4.841460000000000036e+03 -9.104803670671809956e-02
4.846460000000000036e+03 -9.754653360718210098e-02
4.851460000000000036e+03 -1.040840233924913982e-01
4.856460000000000036e+03 -1.106296498755733881e-01
4.861460000000000036e+03 -1.172113392222975670e-01
4.866460000000000036e+03 -1.235612103518569371e-01
4.871460000000000036e+03 -1.298295019412801232e-01
4.876460000000000036e+03 -1.361763221600189311e-01
4.881460000000000036e+03 -1.424193217467020212e-01
4.886460000000000036e+03 -1.488434877787171151e-01
4.891460000000000036e+03 -1.552383867589037236e-01
4.896460000000000036e+03 -1.615227001501854387e-01
4.901460000000000036e+03 -1.678612957836146669e-01
4.906460000000000036e+03 -1.742109207193258680e-01
4.911460000000000036e+03 -1.802725858620076727e-01
4.916460000000000036e+03 -1.864875534289932579e-01
4.921460000000000036e+03 -1.926216247786495250e-01
4.926460000000000036e+03 -1.984465025063330001e-01
4.931460000000000036e+03 -2.042312882911388183e-01
4.935909999999999854e+03 -2.094737861110153587e-01
4.936010000000000218e+03 -2.095915950507883097e-01
4.936110000000000582e+03 -2.097094039905612328e-01
4.936210000000000946e+03 -2.098188429064516691e-01
4.936310000000001310e+03 -2.099018996993712582e-01
4.936410000000001673e+03 -2.099849564922908196e-01
4.936510000000002037e+03 -2.100680132852104365e-01
4.936610000000002401e+03 -2.100419394555151642e-01
4.936710000000002765e+03 -2.100024583808304257e-01
4.936810000000003129e+03 -2.099629773061456595e-01
4.936910000000003492e+03 -2.099395663585936767e-01
4.937010000000003856e+03 -2.099322368847447162e-01
4.937110000000004220e+03 -2.099249074108958113e-01
4.937210000000004584e+03 -2.100075123048100734e-01
4.937310000000004948e+03 -2.102817862932490900e-01
4.937410000000005311e+03 -2.105560602816881066e-01
4.937510000000005675e+03 -2.108303342701271232e-01
4.937610000000006039e+03 -2.109636658292795286e-01
4.937710000000006403e+03 -2.110513208004093644e-01
4.937810000000006767e+03 -2.111389757715392002e-01
4.937910000000007130e+03 -2.111778221215172557e-01
4.938010000000007494e+03 -2.111505042680076882e-01
4.938110000000007858e+03 -2.111231864144981762e-01
4.938210000000008222e+03 -2.110958685609886365e-01
4.938310000000008586e+03 -2.112250906909922399e-01
4.938410000000008949e+03 -2.113636023699018152e-01
4.938510000000009313e+03 -2.115021140488113904e-01
4.938610000000009677e+03 -2.117593428242787457e-01
4.938710000000010041e+03 -2.120602993352260768e-01
4.938810000000010405e+03 -2.123612558461733801e-01
4.938910000000010768e+03 -2.126560438560468058e-01
4.939010000000011132e+03 -2.129419894452536099e-01
4.939110000000011496e+03 -2.132279350344604418e-01
4.939210000000011860e+03 -2.134294587403332277e-01
4.939310000000012224e+03 -2.132947392169100009e-01
4.939410000000012587e+03 -2.131600196934867464e-01
4.939510000000012951e+03 -2.130253001700634918e-01
4.939610000000013315e+03 -2.133409523669997643e-01
4.939710000000013679e+03 -2.137136675825872523e-01
4.939810000000014043e+03 -2.140863827981747680e-01
4.939910000000014406e+03 -2.140961273934380849e-01
4.940010000000014770e+03 -2.139092541108179313e-01
4.940110000000015134e+03 -2.137223808281977222e-01
4.940210000000015498e+03 -2.136195684686615359e-01
4.940310000000015862e+03 -2.136980262756845161e-01
4.940410000000016225e+03 -2.137764840827075241e-01
4.940510000000016589e+03 -2.138887424447331320e-01
4.940610000000016953e+03 -2.142138028094877633e-01
4.940710000000017317e+03 -2.145388631742423113e-01
4.940810000000017681e+03 -2.148639235389969149e-01
4.940910000000018044e+03 -2.147165686678725316e-01
4.941010000000018408e+03 -2.144685293969082474e-01
4.941110000000018772e+03 -2.142204901259439909e-01
4.941210000000019136e+03 -2.145042634782481084e-01
4.941310000000019500e+03 -2.149559470155618657e-01
4.941410000000019863e+03 -2.154076305528755952e-01
4.941510000000020227e+03 -2.155271757683815403e-01
4.941610000000020591e+03 -2.153056560105739425e-01
4.941710000000020955e+03 -2.150841362527663170e-01
4.941810000000021319e+03 -2.151905063558335884e-01
4.941910000000021682e+03 -2.157559301046168554e-01
4.942010000000022046e+03 -2.163213538534001501e-01
4.942110000000022410e+03 -2.168618128439608050e-01
4.942210000000022774e+03 -2.166625655069695233e-01
4.942310000000023138e+03 -2.164633181699782138e-01
4.942410000000023501e+03 -2.162640708329869321e-01
4.942510000000023865e+03 -2.165851508612478549e-01
4.942610000000024229e+03 -2.169224831408327892e-01
4.942710000000024593e+03 -2.172598154204176679e-01
4.942810000000024957e+03 -2.172409927123475915e-01
4.942910000000025320e+03 -2.170500618794133363e-01
4.943010000000025684e+03 -2.168591310464789979e-01
4.943110000000026048e+03 -2.168645170833216340e-01
4.943210000000026412e+03 -2.170655450280577770e-01
4.943310000000026776e+03 -2.172665729727939476e-01
4.943410000000027139e+03 -2.174319619267823800e-01
4.943510000000027503e+03 -2.174451649430967359e-01
4.943610000000027867e+03 -2.174583679594112029e-01
4.943710000000028231e+03 -2.175051589694408927e-01
4.943810000000028595e+03 -2.179286992803459166e-01
4.943910000000028958e+03 -2.183522395912508851e-01
4.944010000000029322e+03 -2.187757799021559091e-01
4.944110000000029686e+03 -2.185078195279992475e-01
4.944210000000030050e+03 -2.180856375696996474e-01
4.944310000000030414e+03 -2.176634556114000751e-01
4.944410000000030777e+03 -2.179350297949731730e-01
4.944510000000031141e+03 -2.183997757887961022e-01
4.944610000000031505e+03 -2.188645217826190592e-01
4.944710000000031869e+03 -2.190662260084404456e-01
4.944810000000032232e+03 -2.188573351197477812e-01
4.944910000000032596e+03 -2.186484442310551168e-01
4.945010000000032960e+03 -2.184708419849872851e-01
4.945110000000033324e+03 -2.183962613472806291e-01
4.945210000000033688e+03 -2.183216807095739731e-01
4.945310000000034051e+03 -2.182471000718673448e-01
4.945410000000034415e+03 -2.185930468594132758e-01
4.945510000000034779e+03 -2.189862708085685283e-01
4.945610000000035143e+03 -2.193794947577237253e-01
4.945710000000035507e+03 -2.195539983050096289e-01
4.945810000000035870e+03 -2.193895525967457516e-01
4.945910000000036234e+03 -2.192251068884818466e-01
4.946010000000036598e+03 -2.191367775848657995e-01
4.946110000000036962e+03 -2.193156665859608001e-01
4.946210000000037326e+03 -2.194945555870557730e-01
4.946310000000037689e+03 -2.196734445881507736e-01
4.946410000000038053e+03 -2.199171785552938574e-01
4.946510000000038417e+03 -2.201743581630933311e-01
4.946610000000038781e+03 -2.204315377708928325e-01
4.946710000000039145e+03 -2.204233811896098016e-01
4.946810000000039508e+03 -2.203077342297733998e-01
4.946910000000039872e+03 -2.201920872699370535e-01
4.947010000000040236e+03 -2.202819521120164270e-01
4.947110000000040600e+03 -2.208688034492511387e-01
4.947210000000040964e+03 -2.214556547864858504e-01
4.947310000000041327e+03 -2.219457028333050308e-01
4.947410000000041691e+03 -2.220244733808829363e-01
4.947510000000042055e+03 -2.221032439284608417e-01
4.947610000000042419e+03 -2.221820144760387195e-01
4.947710000000042783e+03 -2.218944802043719133e-01
4.947810000000043146e+03 -2.214245543416386575e-01
4.947910000000043510e+03 -2.209546284789054571e-01
4.948010000000043874e+03 -2.208077937589829343e-01
4.948110000000044238e+03 -2.210876364185366816e-01
4.948210000000044602e+03 -2.213674790780904289e-01
4.948310000000044965e+03 -2.216473217376441485e-01
4.948410000000045329e+03 -2.216030768126961981e-01
4.948510000000045693e+03 -2.215136094176851644e-01
4.948610000000046057e+03 -2.214241420226741308e-01
4.948710000000046421e+03 -2.215464042208169504e-01
4.948810000000046784e+03 -2.217718301172529882e-01
4.948910000000047148e+03 -2.219972560136890261e-01
4.949010000000047512e+03 -2.222249836642756216e-01
4.949110000000047876e+03 -2.224610191978794171e-01
4.949210000000048240e+03 -2.226970547314832405e-01
4.949310000000048603e+03 -2.228764116937762829e-01
4.949410000000048967e+03 -2.227716720831450781e-01
4.949510000000049331e+03 -2.226669324725138455e-01
4.949610000000049695e+03 -2.225621928618826129e-01
4.949710000000050059e+03 -2.225702946999978671e-01
4.949810000000050422e+03 -2.227150592964659004e-01
4.949910000000050786e+03 -2.228598238929339059e-01
4.950010000000051150e+03 -2.230577505216527201e-01
4.950110000000051514e+03 -2.233950298031296966e-01
4.950210000000051878e+03 -2.237323090846066176e-01
4.950310000000052241e+03 -2.240695883660835663e-01
4.950410000000052605e+03 -2.239543685331854272e-01
4.950510000000052969e+03 -2.237764197802885324e-01
4.950610000000053333e+03 -2.235984710273915821e-01
4.950710000000053697e+03 -2.235620222715025140e-01
4.950810000000054060e+03 -2.235519562507660984e-01
4.950910000000054424e+03 -2.235418902300296828e-01
4.951010000000054788e+03 -2.237468979406469494e-01
4.951110000000055152e+03 -2.242952395586970682e-01
4.951210000000055516e+03 -2.248435811767471870e-01
4.951310000000055879e+03 -2.253417980215710326e-01
4.951410000000056243e+03 -2.251835417549120089e-01
4.951510000000056607e+03 -2.250252854882529296e-01
4.951610000000056971e+03 -2.248670292215939059e-01
4.951710000000057335e+03 -2.249170340505038390e-01
4.951810000000057698e+03 -2.251459734740189067e-01
4.951910000000058062e+03 -2.253749128975339189e-01
4.952010000000058426e+03 -2.255076947625936357e-01
4.952110000000058790e+03 -2.252071406284816280e-01
4.952210000000059154e+03 -2.249065864943696758e-01
4.952310000000059517e+03 -2.246060323602576958e-01
4.952410000000059881e+03 -2.249452717810571101e-01
4.952510000000060245e+03 -2.253770523264251868e-01
4.952610000000060609e+03 -2.258088328717932358e-01
4.952710000000060973e+03 -2.258506771243782019e-01
4.952810000000061336e+03 -2.257362701174651098e-01
4.952910000000061700e+03 -2.256218631105520456e-01
4.953010000000062064e+03 -2.256438315462666599e-01
4.953110000000062428e+03 -2.258667909131779616e-01
4.953210000000062792e+03 -2.260897502800892078e-01
4.953310000000063155e+03 -2.261599884221169310e-01
4.953410000000063519e+03 -2.258420833032457331e-01
4.953510000000063883e+03 -2.255241781843745352e-01
4.953610000000064247e+03 -2.252807457210450059e-01
4.953710000000064611e+03 -2.255969841978326396e-01
4.953810000000064974e+03 -2.259132226746202454e-01
4.953910000000065338e+03 -2.262294611514078790e-01
4.954010000000065702e+03 -2.261388709527705487e-01
4.954110000000066066e+03 -2.259510599373790174e-01
4.954210000000066429e+03 -2.257632489219874306e-01
4.954310000000066793e+03 -2.260193475971780663e-01
4.954410000000067157e+03 -2.265271162947791184e-01
4.954510000000067521e+03 -2.270348849923801704e-01
4.954610000000067885e+03 -2.272278859115438032e-01
4.954710000000068248e+03 -2.269749041521598731e-01
4.954810000000068612e+03 -2.267219223927759986e-01
4.954910000000068976e+03 -2.265727338474554931e-01
4.955010000000069340e+03 -2.267493529748132175e-01
4.955110000000069704e+03 -2.269259721021709142e-01
4.955210000000070067e+03 -2.271025912295286386e-01
4.955310000000070431e+03 -2.269478977481102500e-01
4.955410000000070795e+03 -2.267895600592655936e-01
4.955510000000071159e+03 -2.266312223704209650e-01
4.955610000000071523e+03 -2.266366440445604646e-01
4.955710000000071886e+03 -2.266784055464882153e-01
4.955810000000072250e+03 -2.267201670484159659e-01
4.955910000000072614e+03 -2.267391852071955205e-01
4.956010000000072978e+03 -2.267253464467206547e-01
4.956110000000073342e+03 -2.267115076862458167e-01
4.956210000000073705e+03 -2.266665135666191822e-01
4.956310000000074069e+03 -2.265235490077776859e-01
4.956410000000074433e+03 -2.263805844489362173e-01
4.956510000000074797e+03 -2.262376198900947488e-01
4.956610000000075161e+03 -2.262760712792519502e-01
4.956710000000075524e+03 -2.263294294431827391e-01
4.956810000000075888e+03 -2.263827876071135559e-01
4.956910000000076252e+03 -2.266879435148716204e-01
4.957010000000076616e+03 -2.270763574523750328e-01
4.957110000000076980e+03 -2.274647713898784729e-01
4.957210000000077343e+03 -2.275039657615913757e-01
4.957310000000077707e+03 -2.271751637488469699e-01
4.957410000000078071e+03 -2.268463617361025642e-01
4.957510000000078435e+03 -2.265677220593856900e-01
4.957610000000078799e+03 -2.265983869363960013e-01
4.957710000000079162e+03 -2.266290518134063126e-01
4.957810000000079526e+03 -2.266597166904166516e-01
4.957910000000079890e+03 -2.265104403430741598e-01
4.958010000000080254e+03 -2.263441451493190537e-01
4.958110000000080618e+03 -2.261778499555639477e-01
4.958210000000080981e+03 -2.260359983908984682e-01
4.958310000000081345e+03 -2.259163425593255503e-01
4.958410000000081709e+03 -2.257966867277526324e-01
4.958510000000082073e+03 -2.256770308961797422e-01
4.958610000000082437e+03 -2.260643839776305675e-01
4.958710000000082800e+03 -2.264578538523265849e-01
4.958810000000083164e+03 -2.268513237270226302e-01
4.958910000000083528e+03 -2.267451562748186156e-01
4.959010000000083892e+03 -2.262253061848674696e-01
4.959110000000084256e+03 -2.257054560949162403e-01
4.959210000000084619e+03 -2.254098101240331609e-01
4.959310000000084983e+03 -2.256578532254941982e-01
4.959410000000085347e+03 -2.259058963269552356e-01
4.959510000000085711e+03 -2.261416139177281626e-01
4.959610000000086075e+03 -2.260281101172282869e-01
4.959710000000086438e+03 -2.259146063167283280e-01
4.959810000000086802e+03 -2.258011025162284247e-01
4.959910000000087166e+03 -2.254486616981034863e-01
4.960010000000087530e+03 -2.249679123228603972e-01
4.960110000000087894e+03 -2.244871629476173636e-01
4.960210000000088257e+03 -2.242444569997734116e-01
4.960310000000088621e+03 -2.241843618033971253e-01
4.960410000000088985e+03 -2.241242666070208667e-01
4.960510000000089349e+03 -2.240641714106446358e-01
4.960610000000089713e+03 -2.237641887621102388e-01
4.960710000000090076e+03 -2.234559925370823152e-01
4.960810000000090440e+03 -2.231477963120544472e-01
4.960910000000090804e+03 -2.231837424460689223e-01
4.961010000000091168e+03 -2.234130746146384128e-01
4.961110000000091532e+03 -2.236424067832079310e-01
4.961210000000091895e+03 -2.236454430396989101e-01
4.961310000000092259e+03 -2.228558778813724828e-01
4.961410000000092623e+03 -2.220663127230460832e-01
4.961510000000092987e+03 -2.213476281721519501e-01
4.961610000000093351e+03 -2.211375385305385244e-01
4.961710000000093714e+03 -2.209274488889251264e-01
4.961810000000094078e+03 -2.207173592473117008e-01
4.961910000000094442e+03 -2.202999800219562765e-01
4.962010000000094806e+03 -2.197774877788056802e-01
4.962110000000095170e+03 -2.192549955356550284e-01
4.962210000000095533e+03 -2.186905337913859770e-01
4.962310000000095897e+03 -2.180312933118122021e-01
4.962410000000096261e+03 -2.173720528322383716e-01
4.962510000000096625e+03 -2.167128123526645966e-01
4.962610000000096989e+03 -2.160323748219492024e-01
4.962710000000097352e+03 -2.153465219582357815e-01
4.962810000000097716e+03 -2.146606690945223328e-01
4.962910000000098080e+03 -2.138350475388988703e-01
4.963010000000098444e+03 -2.129304181019655295e-01
4.963110000000098808e+03 -2.120257886650321888e-01
4.963210000000099171e+03 -2.110651467479111310e-01
4.963310000000099535e+03 -2.099684660751515164e-01
4.963410000000099899e+03 -2.088717854023919296e-01
4.963510000000100263e+03 -2.077751047296323150e-01
4.963610000000100626e+03 -2.062963000349220533e-01
4.963710000000100990e+03 -2.047635175088949322e-01
4.963810000000101354e+03 -2.032307349828678111e-01
4.963910000000101718e+03 -2.016612284256750209e-01
4.964010000000102082e+03 -1.994160737183769683e-01
4.964110000000102445e+03 -1.971709190110789434e-01
4.964210000000102809e+03 -1.949257643037809185e-01
4.964310000000103173e+03 -1.920853818038410765e-01
4.964410000000103537e+03 -1.887411976855210838e-01
4.964510000000103901e+03 -1.853970135672011188e-01
4.964610000000104264e+03 -1.820528294488810983e-01
4.964710000000104628e+03 -1.761819856494004632e-01
4.964810000000104992e+03 -1.700671541293272415e-01
4.964910000000105356e+03 -1.639523226092540198e-01
4.965010000000105720e+03 -1.550894007467097102e-01
4.965110000000106083e+03 -1.449269828996175291e-01
4.965210000000106447e+03 -1.347645650525253758e-01
4.965310000000106811e+03 -1.226987573400265819e-01
4.965410000000107175e+03 -1.028353683040050814e-01
4.965510000000107539e+03 -8.297197926798360879e-02
4.965610000000107902e+03 -6.310859023196210837e-02
4.965710000000108266e+03 -2.867911147294824326e-02
4.965810000000108630e+03 8.179438413464221874e-03
4.965910000000108994e+03 4.503798829987668007e-02
4.966010000000109358e+03 8.640057036814030589e-02
4.966110000000109721e+03 1.360740759973786129e-01
4.966210000000110085e+03 1.857475816266168922e-01
4.966310000000110449e+03 2.354210872558551715e-01
4.966410000000110813e+03 2.717318337627154246e-01
4.966510000000111177e+03 3.070649990295092890e-01
4.966610000000111540e+03 3.423981642963030980e-01
4.966710000000111904e+03 3.655927621929002114e-01
4.966810000000112268e+03 3.702368006747058793e-01
4.966910000000112632e+03 3.748808391565114362e-01
4.967010000000112996e+03 3.793533656629234918e-01
4.967110000000113359e+03 3.614052292481063633e-01
4.967210000000113723e+03 3.434570928332890682e-01
4.967310000000114087e+03 3.255089564184718842e-01
4.967410000000114451e+03 3.046195382278697461e-01
4.967510000000114815e+03 2.812441930989519889e-01
4.967610000000115178e+03 2.578688479700342873e-01
4.967710000000115542e+03 2.361069356127419860e-01
4.967810000000115906e+03 2.198861186635259479e-01
4.967910000000116270e+03 2.036653017143099098e-01
4.968010000000116634e+03 1.874444847650938439e-01
4.968110000000116997e+03 1.788629643751951381e-01
4.968210000000117361e+03 1.722736863087806769e-01
4.968310000000117725e+03 1.656844082423662157e-01
4.968410000000118089e+03 1.615776940270103601e-01
4.968510000000118453e+03 1.618053145624442635e-01
4.968610000000118816e+03 1.620329350978781391e-01
4.968710000000119180e+03 1.622605556333120425e-01
4.968810000000119544e+03 1.676305953843462149e-01
4.968910000000119908e+03 1.734344651965085693e-01
4.969010000000120272e+03 1.792383350086708682e-01
4.969110000000120635e+03 1.867258365971807554e-01
4.969210000000120999e+03 1.957852637505742288e-01
4.969310000000121363e+03 2.048446909039676744e-01
4.969410000000121727e+03 2.139041180573611478e-01
4.969510000000122091e+03 2.249333429329280487e-01
4.969610000000122454e+03 2.360458906891367281e-01
4.969710000000122818e+03 2.471584384453454353e-01
4.969810000000123182e+03 2.576163344720621695e-01
4.969910000000123546e+03 2.676395061910297191e-01
4.970010000000123910e+03 2.776626779099972131e-01
4.970110000000124273e+03 2.875573575659157721e-01
4.970210000000124637e+03 2.961233451112168513e-01
4.970310000000125001e+03 3.046893326565178750e-01
4.970410000000125365e+03 3.132553202018188987e-01
4.970510000000125729e+03 3.204042695116091632e-01
4.970610000000126092e+03 3.268727861951273850e-01
4.970710000000126456e+03 3.333413028786454957e-01
4.970810000000126820e+03 3.392714490583584319e-01
4.970910000000127184e+03 3.437071453537717258e-01
4.971010000000127548e+03 3.481428416491850197e-01
4.971110000000127911e+03 3.525785379445983136e-01
4.971210000000128275e+03 3.554874396395203417e-01
4.971310000000128639e+03 3.581649904140429275e-01
4.971410000000129003e+03 3.608425411885654577e-01
4.971510000000129367e+03 3.631316043532329396e-01
4.971610000000129730e+03 3.647363307898511819e-01
4.971710000000130094e+03 3.663410572264694798e-01
4.971810000000130458e+03 3.679457836630876666e-01
4.971910000000130822e+03 3.706521141686162646e-01
4.972010000000131186e+03 3.734419976285310860e-01
4.972110000000131549e+03 3.762318810884459630e-01
4.972210000000131913e+03 3.802676747980682226e-01
4.972310000000132277e+03 3.853313788809006324e-01
4.972410000000132641e+03 3.903950829637330422e-01
4.972510000000133005e+03 3.958074023762865878e-01
4.972610000000133368e+03 4.036037010643754863e-01
4.972710000000133732e+03 4.113999997524644958e-01
4.972810000000134096e+03 4.191962984405534498e-01
4.972910000000134460e+03 4.290938596389941573e-01
4.973010000000134823e+03 4.395254035602194076e-01
4.973110000000135187e+03 4.499569474814445469e-01
4.973210000000135551e+03 4.608836787418218450e-01
4.973310000000135915e+03 4.725264673989833519e-01
4.973410000000136279e+03 4.841692560561449143e-01
4.973510000000136642e+03 4.958120447133063657e-01
4.973610000000137006e+03 5.088841522255598271e-01
4.973710000000137370e+03 5.220287117966109225e-01
4.973810000000137734e+03 5.351732713676619069e-01
4.973910000000138098e+03 5.481189063248722571e-01
4.974010000000138461e+03 5.609130398143613583e-01
4.974110000000138825e+03 5.737071733038505705e-01
4.974210000000139189e+03 5.865035346812419448e-01
4.974310000000139553e+03 5.998583783379126677e-01
4.974410000000139917e+03 6.132132219945833906e-01
4.974510000000140280e+03 6.265680656512540025e-01
4.974610000000140644e+03 6.392554153181700949e-01
4.974710000000141008e+03 6.515798415225700913e-01
4.974810000000141372e+03 6.639042677269699766e-01
4.974910000000141736e+03 6.761496206494223005e-01
4.975010000000142099e+03 6.879586515366077348e-01
4.975110000000142463e+03 6.997676824237930582e-01
4.975210000000142827e+03 7.115767133109783815e-01
4.975310000000143191e+03 7.228808667865956883e-01
4.975410000000143555e+03 7.340570548113205529e-01
4.975510000000143918e+03 7.452332428360451955e-01
4.975610000000144282e+03 7.565118701681281532e-01
4.975710000000144646e+03 7.679767790403451144e-01
4.975810000000145010e+03 7.794416879125620756e-01
4.975910000000145374e+03 7.909065967847789258e-01
4.976010000000145737e+03 8.016846801326044103e-01
4.976110000000146101e+03 8.123036343800009718e-01
4.976210000000146465e+03 8.229225886273976442e-01
4.976310000000146829e+03 8.337797502595256649e-01
4.976410000000147193e+03 8.451268509209557411e-01
4.976510000000147556e+03 8.564739515823855953e-01
4.976610000000147920e+03 8.678210522438156715e-01
4.976710000000148284e+03 8.797024786082148218e-01
4.976810000000148648e+03 8.917120007222592015e-01
4.976910000000149012e+03 9.037215228363036923e-01
4.977010000000149375e+03 9.153716915890076633e-01
4.977110000000149739e+03 9.265784618147787643e-01
4.977210000000150103e+03 9.377852320405499764e-01
4.977310000000150467e+03 9.489920022663210775e-01
4.977410000000150831e+03 9.596637968619770032e-01
4.977510000000151194e+03 9.703122419090148831e-01
4.977610000000151558e+03 9.809606869560526521e-01
4.977710000000151922e+03 9.909187259355474175e-01
4.977810000000152286e+03 1.000435253772419486e+00
4.977910000000152650e+03 1.009951781609291999e+00
4.978010000000153013e+03 1.019288983129705617e+00
4.978110000000153377e+03 1.027454554450138335e+00
4.978210000000153741e+03 1.035620125770571054e+00
4.978310000000154105e+03 1.043785697091003550e+00
4.978410000000154469e+03 1.051483105760746772e+00
4.978510000000154832e+03 1.058835711979472904e+00
4.978610000000155196e+03 1.066188318198199037e+00
4.978710000000155560e+03 1.073534456012740446e+00
4.978810000000155924e+03 1.080171629143563905e+00
4.978910000000156288e+03 1.086808802274387364e+00
4.979010000000156651e+03 1.093445975405210824e+00
4.979110000000157015e+03 1.099681445909054478e+00
4.979210000000157379e+03 1.105534336270330487e+00
4.979310000000157743e+03 1.111387226631606273e+00
4.979410000000158107e+03 1.117212569305953807e+00
4.979510000000158470e+03 1.121927602579043892e+00
4.979610000000158834e+03 1.126642635852133978e+00
4.979710000000159198e+03 1.131357669125224064e+00
4.979810000000159562e+03 1.135961780044115965e+00
4.979910000000159926e+03 1.140465103091094612e+00
4.980010000000160289e+03 1.144968426138073037e+00
4.980110000000160653e+03 1.149405434694455774e+00
4.980210000000161017e+03 1.153240133177388049e+00
4.980310000000161381e+03 1.157074831660320102e+00
4.980410000000161745e+03 1.160909530143252155e+00
4.980510000000162108e+03 1.164267198493452504e+00
4.980610000000162472e+03 1.167410143495030139e+00
4.980710000000162836e+03 1.170553088496607774e+00
4.980810000000163200e+03 1.173549519410801212e+00
4.980910000000163564e+03 1.176169730798548141e+00
4.981010000000163927e+03 1.178789942186295070e+00
4.981110000000164291e+03 1.181410153574041999e+00
4.981210000000164655e+03 1.183853480322573315e+00
4.981310000000165019e+03 1.186264837503195446e+00
4.981410000000165383e+03 1.188676194683817577e+00
4.981510000000165746e+03 1.190867549169069450e+00
4.981610000000166110e+03 1.192748299467695894e+00
4.981710000000166474e+03 1.194629049766322337e+00
4.981810000000166838e+03 1.196509800064948781e+00
4.981910000000167202e+03 1.198648146344222676e+00
4.982010000000167565e+03 1.200799931894412698e+00
4.982110000000167929e+03 1.202951717444602497e+00
4.982210000000168293e+03 1.204909949900717425e+00
4.982310000000168657e+03 1.206650591173436649e+00
4.982410000000169020e+03 1.208391232446155650e+00
4.982510000000169384e+03 1.210155218296947943e+00
4.982610000000169748e+03 1.212417547166938947e+00
4.982710000000170112e+03 1.214679876036930173e+00
4.982810000000170476e+03 1.216942204906921399e+00
4.982910000000170839e+03 1.219041055073384117e+00
4.983010000000171203e+03 1.221090565506768533e+00
4.983110000000171567e+03 1.223140075940152949e+00
4.983210000000171931e+03 1.225083524226752818e+00
4.983310000000172295e+03 1.226827745230069766e+00
4.983410000000172658e+03 1.228571966233386936e+00
4.983510000000173022e+03 1.230316187236703884e+00
4.983610000000173386e+03 1.231826974231859717e+00
4.983710000000173750e+03 1.233296052982444380e+00
4.983810000000174114e+03 1.234765131733029264e+00
4.983910000000174477e+03 1.236152007474450976e+00
4.984010000000174841e+03 1.237399433129427795e+00
4.984110000000175205e+03 1.238646858784405058e+00
4.984210000000175569e+03 1.239891633092791157e+00
4.984310000000175933e+03 1.240869288896667477e+00
4.984410000000176296e+03 1.241846944700543798e+00
4.984510000000176660e+03 1.242824600504420118e+00
4.984610000000177024e+03 1.243219006483855082e+00
4.984710000000177388e+03 1.243341557632210881e+00
4.984810000000177752e+03 1.243464108780566679e+00
4.984910000000178115e+03 1.243464457344663376e+00
4.985010000000178479e+03 1.242743260536209426e+00
4.985110000000178843e+03 1.242022063727755254e+00
4.985210000000179207e+03 1.241300866919301082e+00
4.985310000000179571e+03 1.239827020337767927e+00
4.985410000000179934e+03 1.238049244456353781e+00
4.985510000000180298e+03 1.236271468574939636e+00
4.985610000000180662e+03 1.234366972893888192e+00
4.985710000000181026e+03 1.232087570341435567e+00
4.985810000000181390e+03 1.229808167788982942e+00
4.985910000000181753e+03 1.227528765236530539e+00
4.986010000000182117e+03 1.224751658134323629e+00
4.986110000000182481e+03 1.221868105483788991e+00
4.986210000000182845e+03 1.218984552833254131e+00
4.986310000000183209e+03 1.216149307579019512e+00
4.986410000000183572e+03 1.213359883326694755e+00
4.986510000000183936e+03 1.210570459074370220e+00
4.986610000000184300e+03 1.207781034822045463e+00
4.986710000000184664e+03 1.204519912332318476e+00
4.986810000000185028e+03 1.201156316132895086e+00
4.986910000000185391e+03 1.197792719933471695e+00
4.987010000000185755e+03 1.194538256472865267e+00
4.987110000000186119e+03 1.191523005857419104e+00
4.987210000000186483e+03 1.188507755241972719e+00
4.987310000000186847e+03 1.185492504626526555e+00
4.987410000000187210e+03 1.182786578028389712e+00
4.987510000000187574e+03 1.180125035550773083e+00
4.987610000000187938e+03 1.177463493073156453e+00
4.987710000000188302e+03 1.174963771478736430e+00
4.987810000000188666e+03 1.172728779731570636e+00
4.987910000000189029e+03 1.170493787984404843e+00
4.988010000000189393e+03 1.168258796237239050e+00
4.988110000000189757e+03 1.166854218685269284e+00
4.988210000000190121e+03 1.165544117328291884e+00
4.988310000000190485e+03 1.164234015971314262e+00
4.988410000000190848e+03 1.162858474888834204e+00
4.988510000000191212e+03 1.161390393117973208e+00
4.988610000000191576e+03 1.159922311347112434e+00
4.988710000000191940e+03 1.158454229576251659e+00
4.988810000000192304e+03 1.157598756983469590e+00
4.988910000000192667e+03 1.156797813677404196e+00
4.989010000000193031e+03 1.155996870371338581e+00
4.989110000000193395e+03 1.155538111595327155e+00
4.989210000000193759e+03 1.155479232051901395e+00
4.989310000000194123e+03 1.155420352508475412e+00
4.989410000000194486e+03 1.155361472965049430e+00
4.989510000000194850e+03 1.155178104554996921e+00
4.989610000000195214e+03 1.154991559781780364e+00
4.989710000000195578e+03 1.154805015008564251e+00
4.989810000000195942e+03 1.154514101074419763e+00
4.989910000000196305e+03 1.154111149168568717e+00
4.990010000000196669e+03 1.153708197262717672e+00
4.990110000000197033e+03 1.153305245356866404e+00
4.990210000000197397e+03 1.153036808332864149e+00
4.990310000000197761e+03 1.152773551315784184e+00
4.990410000000198124e+03 1.152510294298704441e+00
4.990510000000198488e+03 1.152194203793444061e+00
4.990610000000198852e+03 1.151832079053200175e+00
4.990710000000199216e+03 1.151469954312956512e+00
4.990810000000199580e+03 1.151126218268487378e+00
4.990910000000199943e+03 1.150952774884928198e+00
4.991010000000200307e+03 1.150779331501369018e+00
4.991110000000200671e+03 1.150605888117809839e+00
4.991210000000201035e+03 1.150128553216929639e+00
4.991310000000201399e+03 1.149482259819436969e+00
4.991410000000201762e+03 1.148835966421943855e+00
4.991510000000202126e+03 1.148224776308974571e+00
4.991610000000202490e+03 1.147813203904044510e+00
4.991710000000202854e+03 1.147401631499114671e+00
4.991810000000203217e+03 1.146990059094184611e+00
4.991910000000203581e+03 1.146230395053619011e+00
4.992010000000203945e+03 1.145257768225984796e+00
4.992110000000204309e+03 1.144285141398350580e+00
4.992210000000204673e+03 1.143320147514538920e+00
4.992310000000205036e+03 1.142402188939530827e+00
4.992410000000205400e+03 1.141484230364522512e+00
4.992510000000205764e+03 1.140566271789514419e+00
4.992610000000206128e+03 1.139580979026419749e+00
4.992710000000206492e+03 1.138562420905921524e+00
4.992810000000206855e+03 1.137543862785423077e+00
4.992910000000207219e+03 1.136684290735181069e+00
4.993010000000207583e+03 1.136460326967314138e+00
4.993110000000207947e+03 1.136236363199447208e+00
4.993210000000208311e+03 1.136012399431580278e+00
4.993310000000208674e+03 1.135365862455328667e+00
4.993410000000209038e+03 1.134392533961801508e+00
4.993510000000209402e+03 1.133419205468274793e+00
4.993610000000209766e+03 1.132497884926642051e+00
4.993710000000210130e+03 1.132342144269440798e+00
4.993810000000210493e+03 1.132186403612239545e+00
4.993910000000210857e+03 1.132030662955038292e+00
4.994010000000211221e+03 1.131828010570381737e+00
4.994110000000211585e+03 1.131569099067198270e+00
4.994210000000211949e+03 1.131310187564015024e+00
4.994310000000212312e+03 1.131051276060831556e+00
4.994410000000212676e+03 1.131248665323573155e+00
4.994510000000213040e+03 1.131478514474071329e+00
4.994610000000213404e+03 1.131708363624569502e+00
4.994710000000213768e+03 1.131985657414727786e+00
4.994810000000214131e+03 1.132569164620513380e+00
4.994910000000214495e+03 1.133152671826298974e+00
4.995010000000214859e+03 1.133736179032084568e+00
4.995110000000215223e+03 1.134794909087400772e+00
4.995210000000215587e+03 1.135980346286443066e+00
4.995310000000215950e+03 1.137165783485485360e+00
4.995410000000216314e+03 1.138351220684527876e+00
4.995510000000216678e+03 1.139760496286831071e+00
4.995610000000217042e+03 1.141238049090355533e+00
4.995710000000217406e+03 1.142715601893879995e+00
4.995810000000217769e+03 1.144306301472414189e+00
4.995910000000218133e+03 1.146194907562802179e+00
4.996010000000218497e+03 1.148083513653190391e+00
4.996110000000218861e+03 1.149972119743578602e+00
4.996210000000219225e+03 1.152216318223255875e+00
4.996310000000219588e+03 1.154738732866682049e+00
4.996410000000219952e+03 1.157261147510108668e+00
4.996510000000220316e+03 1.159783562153535064e+00
4.996610000000220680e+03 1.162741710085096969e+00
4.996710000000221044e+03 1.165711053156156085e+00
4.996810000000221407e+03 1.168680396227215201e+00
4.996910000000221771e+03 1.171714325130566392e+00
4.997010000000222135e+03 1.174900217660774127e+00
4.997110000000222499e+03 1.178086110190982083e+00
4.997210000000222863e+03 1.181272002721190040e+00
4.997310000000223226e+03 1.184888145258061520e+00
4.997410000000223590e+03 1.188625256835715183e+00
4.997510000000223954e+03 1.192362368413368845e+00
4.997610000000224318e+03 1.196050357729995905e+00
4.997710000000224682e+03 1.199637287900671367e+00
4.997810000000225045e+03 1.203224218071346607e+00
4.997910000000225409e+03 1.206811148242021847e+00
4.998010000000225773e+03 1.210809741267341089e+00
4.998110000000226137e+03 1.214871601722078864e+00
4.998210000000226501e+03 1.218933462176816640e+00
4.998310000000226864e+03 1.222987421309356115e+00
4.998410000000227228e+03 1.226993627875014425e+00
4.998510000000227592e+03 1.230999834440672736e+00
4.998610000000227956e+03 1.235006041006331268e+00
4.998710000000228320e+03 1.238679338938825092e+00
4.998810000000228683e+03 1.242139290909243687e+00
4.998910000000229047e+03 1.245599242879662061e+00
4.999010000000229411e+03 1.249004606920350646e+00
4.999110000000229775e+03 1.252232542603085363e+00
4.999210000000230139e+03 1.255460478285820081e+00
4.999310000000230502e+03 1.258688413968555242e+00
4.999410000000230866e+03 1.261630269072217203e+00
4.999510000000231230e+03 1.264345293071136744e+00
4.999610000000231594e+03 1.267060317070056064e+00
4.999710000000231958e+03 1.269752786010590162e+00
4.999810000000232321e+03 1.272101365763647962e+00
4.999910000000232685e+03 1.274449945516705540e+00
5.000010000000233049e+03 1.276798525269763340e+00
5.000110000000233413e+03 1.278662051639260167e+00
5.000210000000233777e+03 1.280068737890031283e+00
5.000310000000234140e+03 1.281475424140802621e+00
5.000410000000234504e+03 1.282882110391573738e+00
5.000510000000234868e+03 1.284210575617478423e+00
5.000610000000235232e+03 1.285502344691981769e+00
5.000710000000235596e+03 1.286794113766485115e+00
5.000810000000235959e+03 1.288032082846717774e+00
5.000910000000236323e+03 1.288757381793087964e+00
5.001010000000236687e+03 1.289482680739458154e+00
5.001110000000237051e+03 1.290207979685828787e+00
5.001210000000237414e+03 1.290650652196745796e+00
5.001310000000237778e+03 1.290854453218159170e+00
5.001410000000238142e+03 1.291058254239572545e+00
5.001510000000238506e+03 1.291247307964171753e+00
5.001610000000238870e+03 1.291114272698213883e+00
5.001710000000239233e+03 1.290981237432256012e+00
5.001810000000239597e+03 1.290848202166298142e+00
5.001910000000239961e+03 1.290843864821680675e+00
5.002010000000240325e+03 1.290982440728310809e+00
5.002110000000240689e+03 1.291121016634940499e+00
5.002210000000241052e+03 1.291259592541570411e+00
5.002310000000241416e+03 1.290997153332587688e+00
5.002410000000241780e+03 1.290650546887053718e+00
5.002510000000242144e+03 1.290303940441520192e+00
5.002610000000242508e+03 1.289864509382343760e+00
5.002710000000242871e+03 1.289257171498346510e+00
5.002810000000243235e+03 1.288649833614349483e+00
5.002910000000243599e+03 1.288042495730352233e+00
5.003010000000243963e+03 1.287647335295265982e+00
5.003110000000244327e+03 1.287382843390804332e+00
5.003210000000244690e+03 1.287118351486342460e+00
5.003310000000245054e+03 1.286842733567075570e+00
5.003410000000245418e+03 1.286175989707649681e+00
5.003510000000245782e+03 1.285509245848224236e+00
5.003610000000246146e+03 1.284842501988798569e+00
5.003710000000246509e+03 1.284291664740612626e+00
5.003810000000246873e+03 1.284139729479019332e+00
5.003910000000247237e+03 1.283987794217425815e+00
5.004010000000247601e+03 1.283835858955832521e+00
5.004110000000247965e+03 1.283357935203550237e+00
5.004210000000248328e+03 1.282663660386380133e+00
5.004310000000248692e+03 1.281969385569210029e+00
5.004410000000249056e+03 1.281275110752039925e+00
5.004510000000249420e+03 1.280923376319320406e+00
5.004610000000249784e+03 1.280680705466290092e+00
5.004710000000250147e+03 1.280438034613260001e+00
5.004810000000250511e+03 1.279938581823718335e+00
5.004910000000250875e+03 1.279156973031621902e+00
5.005010000000251239e+03 1.278375364239525469e+00
5.005110000000251603e+03 1.277594838501691310e+00
5.005210000000251966e+03 1.276971042031387782e+00
5.005310000000252330e+03 1.276347245561084254e+00
5.005410000000252694e+03 1.275723449090780726e+00
5.005510000000253058e+03 1.274833948224271207e+00
5.005610000000253422e+03 1.273811183161051908e+00
5.005710000000253785e+03 1.272788418097832608e+00
5.005810000000254149e+03 1.271490338078340221e+00
5.005910000000254513e+03 1.269671903398162272e+00
5.006010000000254877e+03 1.267853468717984322e+00
5.006110000000255241e+03 1.266033476081198650e+00
5.006210000000255604e+03 1.264206726290221239e+00
5.006310000000255968e+03 1.262379976499244050e+00
5.006410000000256332e+03 1.260553226708266861e+00
5.006510000000256696e+03 1.258351520373282462e+00
5.006610000000257060e+03 1.255939991225982544e+00
5.006710000000257423e+03 1.253528462078682848e+00
5.006810000000257787e+03 1.251140652446327772e+00
5.006910000000258151e+03 1.248802569256203698e+00
5.007010000000258515e+03 1.246464486066079402e+00
5.007110000000258879e+03 1.244120228366135672e+00
5.007210000000259242e+03 1.241198414733222011e+00
5.007310000000259606e+03 1.238276601100308127e+00
5.007410000000259970e+03 1.235354787467394022e+00
5.007510000000260334e+03 1.232511913127476655e+00
5.007610000000260698e+03 1.229721465600658536e+00
5.007710000000261061e+03 1.226931018073840418e+00
5.007810000000261425e+03 1.224039905016829355e+00
5.007910000000261789e+03 1.220717255114703192e+00
5.008010000000262153e+03 1.217394605212576808e+00
5.008110000000262517e+03 1.214071955310450646e+00
5.008210000000262880e+03 1.210675118817758023e+00
5.008310000000263244e+03 1.207272909061035682e+00
5.008410000000263608e+03 1.203870699304313119e+00
5.008510000000263972e+03 1.200350277638461804e+00
5.008610000000264336e+03 1.196722333802582527e+00
5.008710000000264699e+03 1.193094389966703472e+00
5.008810000000265063e+03 1.189680265543438198e+00
5.008910000000265427e+03 1.186623984361292905e+00
5.009010000000265791e+03 1.183567703179147834e+00
5.009110000000266155e+03 1.180441366109802104e+00
5.009210000000266518e+03 1.177156547376576157e+00
5.009310000000266882e+03 1.173871728643349988e+00
5.009410000000267246e+03 1.170608289867230090e+00
5.009510000000267610e+03 1.167581156338283854e+00
5.009610000000267974e+03 1.164554022809337841e+00
5.009710000000268337e+03 1.161526889280391828e+00
5.009810000000268701e+03 1.158261034382927601e+00
5.009910000000269065e+03 1.154958271154862270e+00
5.010010000000269429e+03 1.151655507926796718e+00
5.010110000000269793e+03 1.148694495782818681e+00
5.010210000000270156e+03 1.145879111122803495e+00
5.010310000000270520e+03 1.143063726462788310e+00
5.010410000000270884e+03 1.140690857073887177e+00
5.010510000000271248e+03 1.138584551634369335e+00
5.010610000000271611e+03 1.136478246194851716e+00
5.010710000000271975e+03 1.134332536035177030e+00
5.010810000000272339e+03 1.132142855686010474e+00
5.010910000000272703e+03 1.129953175336844140e+00
5.011010000000273067e+03 1.127750975045992199e+00
5.011110000000273430e+03 1.125529377929604058e+00
5.011210000000273794e+03 1.123307780813216139e+00
5.011310000000274158e+03 1.121086183696827998e+00
5.011410000000274522e+03 1.119986491515061022e+00
5.011510000000274886e+03 1.118928533015510318e+00
5.011610000000275249e+03 1.117870574515959170e+00
5.011710000000275613e+03 1.116183273449508739e+00
5.011810000000275977e+03 1.114386566317956406e+00
5.011910000000276341e+03 1.112589859186404295e+00
5.012010000000276705e+03 1.111133873471702671e+00
5.012110000000277068e+03 1.110395926120030241e+00
5.012210000000277432e+03 1.109657978768357589e+00
5.012310000000277796e+03 1.108709634194398719e+00
5.012410000000278160e+03 1.107082103749486901e+00
5.012510000000278524e+03 1.105454573304575305e+00
5.012610000000278887e+03 1.103827042859663710e+00
5.012710000000279251e+03 1.103081309743079608e+00
5.012810000000279615e+03 1.102586357646756499e+00
5.012910000000279979e+03 1.102091405550433389e+00
5.013010000000280343e+03 1.101376910544271004e+00
5.013110000000280706e+03 1.100543494637406639e+00
5.013210000000281070e+03 1.099710078730541829e+00
5.013310000000281434e+03 1.098635096759226437e+00
5.013410000000281798e+03 1.097330534005004576e+00
5.013510000000282162e+03 1.096025971250782938e+00
5.013610000000282525e+03 1.094780130392714934e+00
5.013710000000282889e+03 1.094409663278577360e+00
5.013810000000283253e+03 1.094039196164439343e+00
5.013910000000283617e+03 1.093668729050301991e+00
5.014010000000283981e+03 1.092626208899515783e+00
5.014110000000284344e+03 1.091461783663118190e+00
5.014210000000284708e+03 1.090297358426720375e+00
5.014310000000285072e+03 1.089105160572134468e+00
5.014410000000285436e+03 1.087883908690649992e+00
5.014510000000285800e+03 1.086662656809165517e+00
5.014610000000286163e+03 1.085671448238051395e+00
5.014710000000286527e+03 1.085117699237400979e+00
5.014810000000286891e+03 1.084563950236750562e+00
5.014910000000287255e+03 1.083899027202474219e+00
5.015010000000287619e+03 1.082902463377726887e+00
5.015110000000287982e+03 1.081905899552979555e+00
5.015210000000288346e+03 1.080922749845400599e+00
5.015310000000288710e+03 1.080083236394224544e+00
5.015410000000289074e+03 1.079243722943048267e+00
5.015510000000289438e+03 1.078404209491872434e+00
5.015610000000289801e+03 1.076943475506693559e+00
5.015710000000290165e+03 1.075407100420385120e+00
5.015810000000290529e+03 1.073870725334076459e+00
5.015910000000290893e+03 1.073043527294373911e+00
5.016000000000000000e+03 1.072597859104924112e+00
5.016553640288021597e+03 1.067192387987097923e+00
5.017110328898220359e+03 1.061178361527995273e+00
5.017670065830594467e+03 1.056046052398381452e+00
5.018232851085144830e+03 1.050433677672697907e+00
5.018798684661871448e+03 1.044851094412353465e+00
5.019367566560774321e+03 1.038857871991616610e+00
5.019939496781853450e+03 1.035173378043510173e+00
5.020514475325108833e+03 1.029659596736663074e+00
5.021092502190540472e+03 1.026138521737198994e+00
5.021673577378147456e+03 1.021923602851863011e+00
5.022257700887931605e+03 1.017746241148247410e+00
5.022844872719892010e+03 1.015186706669817474e+00
5.023435092874027760e+03 1.012482674427405138e+00
5.024028361350340674e+03 1.010877835642388867e+00
5.024624678148829844e+03 1.009967720638555999e+00
5.025224043269494359e+03 1.010595994878540349e+00
5.025826456712335130e+03 1.010669853277923913e+00
5.026431918477353065e+03 1.012962073445888178e+00
5.027040428564546346e+03 1.014707771971911088e+00
5.027651986973915882e+03 1.017211785392226231e+00
5.028266593705461673e+03 1.020830617127137296e+00
5.028884248759183720e+03 1.023883190418602762e+00
5.029504952135082931e+03 1.026908155677794809e+00
5.030128703833157488e+03 1.033013687847105899e+00
5.030755503853407390e+03 1.039143588229643145e+00
5.031385352195834457e+03 1.047331972196981154e+00
5.032018248860437780e+03 1.057839201547237762e+00
5.032654193847217357e+03 1.069523431680319048e+00
5.033293187156173190e+03 1.082661151485409645e+00
5.033935228787304368e+03 1.095633552892947948e+00
5.034580318740612711e+03 1.109972691243180876e+00
5.035228457016096399e+03 1.123901706257544708e+00
5.035879643613757253e+03 1.137069542778849751e+00
5.036533878533593452e+03 1.148821543291179470e+00
5.037191161775606815e+03 1.160097517549104396e+00
5.037851493339795525e+03 1.170591871542729923e+00
5.038514873226160489e+03 1.178476590528224177e+00
5.039181301434701709e+03 1.184770578318466550e+00
5.039850777965420093e+03 1.188507367873935516e+00
5.040523302818313823e+03 1.191473445625065297e+00
5.041198875993383808e+03 1.191213703162536497e+00
5.041877497490630049e+03 1.189430273888071765e+00
5.042559167310052544e+03 1.186621280726242400e+00
5.043243885451650385e+03 1.182838132818532673e+00
5.043931651915425391e+03 1.178280190232102287e+00
5.044622466701376652e+03 1.172289609349618456e+00
5.045316329809504168e+03 1.165412057805832458e+00
5.046013241239807030e+03 1.157490005820890344e+00
5.046713200992287057e+03 1.147768299852359508e+00
5.047416209066942429e+03 1.136939230343842588e+00
5.048122265463774966e+03 1.125919024597045848e+00
5.048831370182782848e+03 1.114211625593375388e+00
5.049543523223967895e+03 1.101100842559648907e+00
5.050258724587328288e+03 1.087298094447055385e+00
5.050976974272864936e+03 1.073001097038415619e+00
5.051698272280577839e+03 1.058208266860175772e+00
5.052422618610466998e+03 1.044168849430465507e+00
5.053150013262532411e+03 1.030114701597237392e+00
5.053880456236774080e+03 1.016996452647481508e+00
5.054613947533192004e+03 1.005372089540208735e+00
5.055350487151786183e+03 9.951682842185088917e-01
5.056090075092556617e+03 9.862646240075682025e-01
5.056832711355503307e+03 9.787481570325105018e-01
5.057578395940626251e+03 9.747829532675745812e-01
5.058327128847924541e+03 9.712991628278581091e-01
5.059078910077399996e+03 9.695203254424918926e-01
5.059833739629050797e+03 9.687756653838097698e-01
5.060591617502878762e+03 9.679919186529333253e-01
5.061352543698882073e+03 9.673050573451333900e-01
5.062116518217062549e+03 9.663846382814418323e-01
5.062883541057418370e+03 9.637499409747111168e-01
5.063653612219950446e+03 9.598100919553971266e-01
5.064426731704658778e+03 9.566684743949570580e-01
5.065202899511544274e+03 9.514819330097316064e-01
5.065982115640605116e+03 9.465085056667494889e-01
5.066764380091842213e+03 9.413688183940012166e-01
5.067549692865255565e+03 9.362147677201815288e-01
5.068338053960845173e+03 9.323057200316693383e-01
5.069129463378610126e+03 9.278982761871991114e-01
5.069923921118552244e+03 9.243256842580551691e-01
5.070721427180670617e+03 9.213428043693140390e-01
5.071521981564965245e+03 9.185941864117107558e-01
5.072325584271435218e+03 9.158676437894758271e-01
5.073132235300082357e+03 9.148324628807267267e-01
5.073941934650904841e+03 9.135443860275818118e-01
5.074754682323904490e+03 9.155150013706896406e-01
5.075570478319079484e+03 9.184645217976472598e-01
5.076389322636431643e+03 9.217534235432993661e-01
5.077211215275959148e+03 9.273781938966980665e-01
5.078036156237662908e+03 9.332139997614969928e-01
5.078864145521542923e+03 9.398764485884811837e-01
5.079695183127600103e+03 9.479970474496750565e-01
5.080529269055832629e+03 9.561176272647253782e-01
5.081366403306241409e+03 9.661754983749782921e-01
5.082206585878826445e+03 9.763703582204797948e-01
5.083049816773586826e+03 9.871828659993125976e-01
5.083896095990524373e+03 9.988334018969395878e-01
5.084745423529638174e+03 1.010531429153453509e+00
5.085597799390928230e+03 1.021694913608782285e+00
5.086453223574393633e+03 1.032358589365861778e+00
5.087311696080036199e+03 1.042903725124200598e+00
5.088173216907855021e+03 1.052845330025085291e+00
5.089037786057849189e+03 1.062243264347062732e+00
5.089905403530020521e+03 1.069605711169632434e+00
5.090776069324367199e+03 1.075138279916856510e+00
5.091649783440890133e+03 1.077937341345894806e+00
5.092526545879590230e+03 1.078181096554511553e+00
5.093406356640465674e+03 1.075247182802353763e+00
5.094289215723517373e+03 1.068482682093748970e+00
5.095175123128745327e+03 1.059555500677203943e+00
5.096064078856149536e+03 1.047929774221098231e+00
5.096956082905730000e+03 1.033985807088920517e+00
5.097851135277486719e+03 1.017765237904442621e+00
5.098749235971419694e+03 1.000775836004951014e+00
5.099650384987528923e+03 9.823922936533515671e-01
5.100554582325814408e+03 9.641528180928683467e-01
5.101461827986275239e+03 9.453606812521777591e-01
5.102372121968913234e+03 9.285519636789583142e-01
5.103285464273726575e+03 9.130292226356473417e-01
5.104201854900717080e+03 8.983524107656082336e-01
5.105121293849882932e+03 8.871755874864470925e-01
5.106043781121225948e+03 8.779480692951818765e-01
5.106969316714744309e+03 8.713402242238523776e-01
5.107897900630439835e+03 8.675313179172424727e-01
5.108829532868310707e+03 8.647224111727531692e-01
5.109764213428357834e+03 8.634565612491178488e-01
5.110701942310581217e+03 8.631599182833779027e-01
5.111642719514980854e+03 8.628255434839282589e-01
5.112586545041556747e+03 8.613207508082751929e-01
5.113533418890308894e+03 8.603956757809448908e-01
5.114483341061237297e+03 8.599558543020556778e-01
5.115436311554341955e+03 8.589774511757496400e-01
5.116392330369622869e+03 8.582594774579328512e-01
5.117351397507079128e+03 8.576583166351027243e-01
5.118313512966712551e+03 8.568921627610858183e-01
5.119278676748522230e+03 8.552234758339640752e-01
5.120246888852507254e+03 8.539098156674944651e-01
5.121218149278669443e+03 8.522815404822540186e-01
5.122192458027006978e+03 8.505474310506470070e-01
5.123169815097521678e+03 8.482054000235473845e-01
5.124150220490211723e+03 8.456162792882200296e-01
5.125133674205078023e+03 8.430037016328150168e-01
5.126120176242120579e+03 8.398628873514804027e-01
5.127109726601340299e+03 8.366056818524574279e-01
5.128102325282735364e+03 8.331372738663305189e-01
5.129097972286306685e+03 8.301489927318970174e-01
5.130096667612054262e+03 8.275012963497910823e-01
5.131098411259978093e+03 8.257280456415787562e-01
5.132103203230078179e+03 8.239854897953091672e-01
5.133111043522353611e+03 8.229278085080694582e-01
5.134121932136806208e+03 8.223710561626640381e-01
5.135135869073435060e+03 8.227096024532489782e-01
5.136152854332240167e+03 8.239230436143750724e-01
5.137172887913220620e+03 8.258172902638775126e-01
5.138195969816378238e+03 8.280921939764107620e-01
5.139222100041711201e+03 8.312199528571949658e-01
5.140251278589221329e+03 8.352723353177742283e-01
5.141283505458906802e+03 8.382673076411384372e-01
5.142318780650768531e+03 8.421009775755941007e-01
5.143357104164807424e+03 8.464720484298213776e-01
5.144398476001021663e+03 8.513855929702991432e-01
5.145442896159412157e+03 8.563807378448623497e-01
5.146490364639978907e+03 8.602990512678240220e-01
5.147540881442721911e+03 8.646031667768546702e-01
5.148594446567641171e+03 8.679062942591674323e-01
5.149651060014736686e+03 8.703773966156375108e-01
5.150710721784008456e+03 8.714877665707508880e-01
5.151773431875456481e+03 8.705557081569144096e-01
5.152839190289079852e+03 8.689420908457612391e-01
5.153907997024880387e+03 8.647574742913221035e-01
5.154979852082857178e+03 8.602130118792553626e-01
5.156054755463009315e+03 8.545345828617917361e-01
5.157132707165338616e+03 8.483149074604423578e-01
5.158213707189843262e+03 8.415383610903148792e-01
5.159297755536525074e+03 8.341026525485163434e-01
5.160384852205382231e+03 8.267140630375735544e-01
5.161474997196415643e+03 8.203580612668897043e-01
5.162568190509625310e+03 8.134475871488869858e-01
5.163664432145012142e+03 8.081862197292423167e-01
5.164763722102574320e+03 8.028837115943365799e-01
5.165866060382312753e+03 7.982872396803515347e-01
5.166971446984227441e+03 7.940059634812264289e-01
5.168079881908318384e+03 7.891363470990444551e-01
5.169191365154585583e+03 7.847449047613916928e-01
5.170305896723029036e+03 7.791462774400018665e-01
5.171423476613647836e+03 7.732729938577798112e-01
5.172544104826443800e+03 7.665379261104074970e-01
5.173667781361416019e+03 7.595953646508112334e-01
5.174794506218563583e+03 7.525379799440164996e-01
5.175924279397888313e+03 7.458259497069439359e-01
5.177057100899388388e+03 7.392643685611532955e-01
5.178192970723065628e+03 7.333674531093348214e-01
5.179331888868918213e+03 7.284115367028377586e-01
5.180473855336947963e+03 7.238690382799428669e-01
5.181618870127153059e+03 7.205115904785442948e-01
5.182766933239534410e+03 7.177438274345785407e-01
5.183918044674092016e+03 7.154236285376407434e-01
5.185072204430825877e+03 7.136608105116883927e-01
5.186229412509735994e+03 7.118695108699932828e-01
5.187389668910822365e+03 7.107148535822298552e-01
5.188552973634084992e+03 7.091394751749258152e-01
5.189719326679523874e+03 7.080884852363695803e-01
5.190888728047139011e+03 7.072891904366598315e-01
5.192061177736930404e+03 7.063578383820210416e-01
5.193236675748897142e+03 7.048712483570852561e-01
5.194415222083041044e+03 7.043931595687309422e-01
5.195596816739361202e+03 7.042045674774093378e-01
5.196781459717856706e+03 7.036471709508508310e-01
5.197969151018529374e+03 7.030231979363421591e-01
5.199159890641377388e+03 7.032705836258414944e-01
5.200353678586401657e+03 7.024768961247902510e-01
5.201550514853603090e+03 7.023397186460125230e-01
5.202750399442979869e+03 7.025905288119367320e-01
5.203953332354532904e+03 7.027728589328394726e-01
5.205159313588262194e+03 7.034197919550307931e-01
5.206368343144167739e+03 7.048030204547997002e-01
5.207580421022249539e+03 7.055444878421346377e-01
5.208795547222507594e+03 7.060507158247887327e-01
5.210013721744941904e+03 7.064913525563885077e-01
5.211234944589552470e+03 7.068050688642546486e-01
5.212459215756339290e+03 7.067263968126880069e-01
5.213686535245301457e+03 7.063401277886776075e-01
5.214916903056440788e+03 7.045948144374576394e-01
5.216150319189756374e+03 7.029548139515409133e-01
5.217386783645247306e+03 7.010771643874464942e-01
5.218626296422915402e+03 6.984863491583465089e-01
5.219868857522758844e+03 6.953364026566447587e-01
5.221114466944779451e+03 6.921085301217052566e-01
5.222363124688975404e+03 6.897026899095328734e-01
5.223614830755347612e+03 6.860335678751532384e-01
5.224869585143896984e+03 6.836754392455823837e-01
5.226127387854621702e+03 6.816699912402964801e-01
5.227388238887522675e+03 6.795032533168947619e-01
5.228652138242599904e+03 6.771009557739037232e-01
5.229919085919853387e+03 6.743523616177720115e-01
5.231189081919283126e+03 6.716371930281164193e-01
5.232462126240889120e+03 6.694461737885943897e-01
5.233738218884671369e+03 6.660525111972448453e-01
5.235017359850628964e+03 6.626032853867782624e-01
5.236299549138763723e+03 6.591076353977424196e-01
5.237584786749074738e+03 6.544179317590643752e-01
5.238873072681561098e+03 6.504703545296091072e-01
5.240164406936224623e+03 6.464802108515304013e-01
5.241458789513063493e+03 6.417743045576564942e-01
5.242756220412079529e+03 6.382901894087004147e-01
5.244056699633270910e+03 6.341529348236485397e-01
5.245360227176638546e+03 6.297146775239057526e-01
5.246666803042183346e+03 6.250611076132107646e-01
5.247976427229903493e+03 6.209030745330349488e-01
5.249289099739799894e+03 6.164561261765838518e-01
5.250604820571872551e+03 6.127131438271284924e-01
5.251923589726121463e+03 6.085034348717983654e-01
5.253245407202546630e+03 6.043832406882012620e-01
5.254570273001148053e+03 6.005829836092009266e-01
5.255898187121925730e+03 5.971042411984819331e-01
5.257229149564879663e+03 5.936657779524949774e-01
5.258563160330008941e+03 5.898301370500406149e-01
5.259900219417315384e+03 5.872641140604235588e-01
5.261240326826798082e+03 5.838386304806832960e-01
5.262583482558456126e+03 5.813206827999964910e-01
5.263929686612291334e+03 5.797757248473998093e-01
5.265278938988301888e+03 5.772809313166330503e-01
5.266631239686489607e+03 5.761234293759339709e-01
5.267986588706852672e+03 5.744518929747690628e-01
5.269344986049391991e+03 5.728464993134505523e-01
5.270706431714107566e+03 5.717312620915924182e-01
5.272070925701000306e+03 5.707517355119774427e-01
5.273438468010068391e+03 5.702728157679447518e-01
5.274809058641312731e+03 5.691592162760470419e-01
5.276182697594733327e+03 5.684305744205481181e-01
5.277559384870330177e+03 5.679305098169392663e-01
5.278939120468103283e+03 5.673753498940025120e-01
5.280321904388051735e+03 5.662848902271460094e-01
5.281707736630177351e+03 5.655034069940453323e-01
5.283096617194479222e+03 5.645434399269366743e-01
5.284488546080957349e+03 5.630870454407367331e-01
5.285883523289610821e+03 5.621979766642795084e-01
5.287281548820441458e+03 5.611279033842139219e-01
5.288682622673447440e+03 5.591854026111353626e-01
5.290086744848630588e+03 5.570705336335337599e-01
5.291493915345989080e+03 5.549925667554105324e-01
5.292904134165523828e+03 5.530685328047477700e-01
5.294317401307235741e+03 5.503324454375237984e-01
5.295733716771122999e+03 5.474852963926960525e-01
5.297153080557186513e+03 5.446057141612039576e-01
5.298575492665426282e+03 5.415080977667938722e-01
5.300000953095842306e+03 5.388739292407466186e-01
5.301429461848434585e+03 5.361127209419762618e-01
5.302861018923203119e+03 5.333610458418371891e-01
5.304295624320147908e+03 5.310410871334000360e-01
5.305733278039268953e+03 5.287428667497007240e-01
5.307173980080565343e+03 5.267341626217045825e-01
5.308617730444038898e+03 5.240301622059153619e-01
5.310064529129688708e+03 5.218806562105734459e-01
5.311514376137513864e+03 5.193093620198768745e-01
5.312967271467516184e+03 5.172099640710254853e-01
5.314423215119693850e+03 5.146057980189938652e-01
5.315882207094048681e+03 5.118402900800269606e-01
5.317344247390578857e+03 5.092991825487177548e-01
5.318809336009285289e+03 5.068783167850910987e-01
5.320277472950168885e+03 5.041471270247246395e-01
5.321748658213227827e+03 5.009356657686612202e-01
5.323222891798463024e+03 4.984613654683184847e-01
5.324700173705874477e+03 4.955298026153106550e-01
5.326180503935462184e+03 4.928177669010708195e-01
5.327663882487226147e+03 4.897189352805272899e-01
5.329150309361166364e+03 4.868082244782017121e-01
5.330639784557282837e+03 4.837635594359971369e-01
5.332132308075575565e+03 4.808073679293822789e-01
5.333627879916043639e+03 4.778372901673023643e-01
5.335126500078688878e+03 4.742808882558432471e-01
5.336628168563509462e+03 4.709123238044915505e-01
5.338132885370507211e+03 4.678906202905415146e-01
5.339640650499681215e+03 4.640080647693253790e-01
5.341151463951030564e+03 4.607510548382718341e-01
5.342665325724556169e+03 4.577098130582637481e-01
5.344182235820258938e+03 4.538944357723728729e-01
5.345702194238137054e+03 4.508716978947544529e-01
5.347225200978191424e+03 4.478815983015171920e-01
5.348751256040422049e+03 4.445787867024716955e-01
5.350280359424828930e+03 4.420091098118759110e-01
5.351812511131412066e+03 4.390594690737381622e-01
5.353347711160172366e+03 4.364978627754664275e-01
5.354885959511108013e+03 4.344677173357426314e-01
5.356427256184219004e+03 4.325704638993946860e-01
5.357971601179507161e+03 4.302551010950683708e-01
5.359518994496971573e+03 4.284538037406294131e-01
5.361069436136612239e+03 4.265757303860172600e-01
5.362622926098428252e+03 4.247697398276935599e-01
5.364179464382421429e+03 4.236019620639083216e-01
5.365739050988589952e+03 4.223961661762496433e-01
5.367301685916935639e+03 4.210793008512448976e-01
5.368867369167456673e+03 4.195693863275595237e-01
5.370436100740154870e+03 4.181281380231309797e-01
5.372007880635028414e+03 4.164127894614987890e-01
5.373582708852078213e+03 4.150580713575235392e-01
5.375160585391304267e+03 4.136131085488481407e-01
5.376741510252706576e+03 4.112586129404656177e-01
5.378325483436286049e+03 4.091553678426132490e-01
5.379912504942040869e+03 4.071568936672682049e-01
5.381502574769971943e+03 4.049459108002527730e-01
5.383095692920078363e+03 4.021491026116920109e-01
5.384691859392361948e+03 3.994530121743002371e-01
5.386291074186821788e+03 3.971739355376840974e-01
5.387893337303457884e+03 3.944204368997786259e-01
5.389498648742270234e+03 3.920204717470155420e-01
5.391107008503257930e+03 3.891473895563183349e-01
5.392718416586422791e+03 3.863067543309340879e-01
5.394332872991762997e+03 3.843229601860575495e-01
5.395950377719280368e+03 3.822360133795765225e-01
5.397570930768973085e+03 3.796276473410480912e-01
5.399194532140842057e+03 3.768869544654034898e-01
5.400821181834888193e+03 3.740527397298491485e-01
5.402450879851109676e+03 3.715882749908167026e-01
5.404083626189507413e+03 3.689791605627042448e-01
5.405719420850081406e+03 3.663993680590940105e-01
5.407358263832831653e+03 3.640470457043130104e-01
5.409000155137758156e+03 3.609703717959498737e-01
5.410645094764860914e+03 3.582390526923989182e-01
5.412293082714139928e+03 3.559012901741184232e-01
5.413944118985595196e+03 3.529559989065600978e-01
5.415598203579226720e+03 3.501322175003330761e-01
5.417255336495033589e+03 3.473888626264381441e-01
5.418915517733017623e+03 3.450329853759681598e-01
5.420578747293177912e+03 3.420784843687580956e-01
5.422245025175513547e+03 3.392876276135989300e-01
5.423914351380026346e+03 3.365108409332972506e-01
5.425586725906714491e+03 3.337879788485574317e-01
5.427262148755578892e+03 3.308902093519033860e-01
5.428940619926620457e+03 3.279487781725896611e-01
5.430622139419837367e+03 3.250035576179472474e-01
5.432306707235230533e+03 3.224035537185858113e-01
5.433994323372799954e+03 3.195456864095742588e-01
5.435684987832545630e+03 3.167039927653705900e-01
5.437378700614468471e+03 3.141896446574200530e-01
5.439075461718566658e+03 3.111235791953199104e-01
5.440775271144840190e+03 3.085396422225061275e-01
5.442478128893290886e+03 3.062531820876297495e-01
5.444184034963917838e+03 3.031557213323700095e-01
5.445892989356721046e+03 3.007712492780471591e-01
5.447604992071699598e+03 2.986423901848055951e-01
5.449320043108855316e+03 2.958933184158368812e-01
5.451038142468187289e+03 2.935947280978903895e-01
5.452759290149694607e+03 2.910998216561328511e-01
5.454483486153379090e+03 2.887790240123048191e-01
5.456210730479238919e+03 2.866805873178642772e-01
5.457941023127275912e+03 2.844426047763123910e-01
5.459674364097488251e+03 2.819077942600949904e-01
5.461410753389876845e+03 2.796990411690690737e-01
5.463150191004441695e+03 2.773339791350957761e-01
5.464892676941182799e+03 2.753454506041174699e-01
5.466638211200100159e+03 2.727699927328652296e-01
5.468386793781193774e+03 2.710442891199852378e-01
5.470138424684463644e+03 2.681857582682944385e-01
5.471893103909909769e+03 2.660526435484154018e-01
5.473650831457532149e+03 2.636060549895882787e-01
5.475411607327330785e+03 2.613942152568461963e-01
5.477175431519304766e+03 2.591883522909117499e-01
5.478942304033455912e+03 2.565361526578808782e-01
5.480712224869783313e+03 2.536640629894649779e-01
5.482485194028286060e+03 2.513753862263852223e-01
5.484261211508965971e+03 2.493924766495292655e-01
5.486040277311821228e+03 2.466778116785592057e-01
5.487822391436853650e+03 2.451428056767235575e-01
5.489607553884061417e+03 2.425463130575006565e-01
5.491395764653445440e+03 2.399294534786541866e-01
5.493187023745005718e+03 2.373436425744431810e-01
5.494981331158743160e+03 2.353953159747773916e-01
5.496778686894655948e+03 2.322833466445117512e-01
5.498579090952744991e+03 2.297197562113337255e-01
5.500382543333010290e+03 2.272023128690023874e-01
5.502189044035451843e+03 2.248375551410865536e-01
5.503998593060068742e+03 2.224002665706245607e-01
5.505811190406862806e+03 2.198950047819850928e-01
5.507626836075833126e+03 2.173923540066793891e-01
5.509445530066979700e+03 2.152621508555528640e-01
5.511267272380302529e+03 2.130683044346706190e-01
5.513092063015800704e+03 2.103544389644492751e-01
5.514919901973476044e+03 2.077194416586932157e-01
5.516750789253326730e+03 2.049749010917650272e-01
5.518584724855353670e+03 2.027968272270931627e-01
5.520421708779557775e+03 1.998422660326047984e-01
5.522261741025937226e+03 1.978266063973705136e-01
5.524104821594493842e+03 1.948435253806678480e-01
5.525950950485224894e+03 1.920920284405311096e-01
5.527800127698134020e+03 1.893382715520491866e-01
5.529652353233218491e+03 1.868471640517335997e-01
5.531507627090479218e+03 1.843569236536396205e-01
5.533365949269916200e+03 1.815928499646532190e-01
5.535227319771529437e+03 1.786843868287751047e-01
5.537091738595318930e+03 1.762291188854024915e-01
5.538959205741283768e+03 1.734570703036282524e-01
5.540829721209425770e+03 1.709040308799915642e-01
5.542703284999744028e+03 1.682669216433958226e-01
5.544579897112237632e+03 1.657366308168501945e-01
5.546459557546908400e+03 1.631710362224063349e-01
5.548342266303754514e+03 1.605477859691912534e-01
5.550228023382777792e+03 1.581241356454655966e-01
5.552116828783976416e+03 1.556922910763275936e-01
5.554008682507352205e+03 1.531767423934643491e-01
5.555903584552903339e+03 1.508988267687159934e-01
5.557801534920630729e+03 1.483568402976337408e-01
5.559702533610534374e+03 1.459225699553978739e-01
5.561606580622614274e+03 1.432634178837725869e-01
5.563513675956870429e+03 1.409105250475975180e-01
5.565423819613302840e+03 1.385664819779340307e-01
5.567337011591911505e+03 1.364033687305266918e-01
5.569253251892696426e+03 1.337793630686612001e-01
5.571172540515657602e+03 1.314165606331875180e-01
5.573094877460795033e+03 1.290138204538445466e-01
5.575020262728108719e+03 1.262135025369423569e-01
5.576948696317597751e+03 1.236273855812489858e-01
5.578880178229263947e+03 1.214064033310585100e-01
5.580814708463105489e+03 1.187265539796115432e-01
5.582752287019124196e+03 1.165167024454126371e-01
5.584692913897318249e+03 1.141280119585534325e-01
5.586636589097688557e+03 1.113402402593591245e-01
5.588583312620236029e+03 1.093535441301345112e-01
5.590533084464958847e+03 1.065901568079399425e-01
5.592485904631857920e+03 1.044578024015603984e-01
5.594441773120933249e+03 1.020269619122346205e-01
5.596400689932185742e+03 9.971991860466020152e-02
5.598362655065613581e+03 9.684552020656846116e-02
5.600327668521216765e+03 9.442238357328570919e-02
5.602295730298997114e+03 9.222329747330618166e-02
5.604266840398953718e+03 8.937073742744329474e-02
5.606240998821086578e+03 8.719388741809740162e-02
5.608218205565395692e+03 8.447568500635582733e-02
5.610198460631880153e+03 8.199595085902855462e-02
5.612181764020541777e+03 7.956736088599601631e-02
5.614168115731379658e+03 7.620701575954322293e-02
5.616157515764392883e+03 7.472494523388398258e-02
5.618149964119583274e+03 7.205252740178992588e-02
5.620145460796949010e+03 6.899150871497390647e-02
5.622144005796491001e+03 6.630219533122747033e-02
5.624145599118210157e+03 6.410129302741281176e-02
5.626150240762104659e+03 6.136143881928508154e-02
5.628157930728175415e+03 5.845658891667515622e-02
5.630168669016422427e+03 5.636703976557224521e-02
5.632182455626845694e+03 5.314596900816286745e-02
5.634199290559445217e+03 5.062709223320370489e-02
5.636219173814220994e+03 4.784061371940952212e-02
5.638242105391173027e+03 4.528429305902031965e-02
5.640268085290301315e+03 4.255547905102106954e-02
5.642297113511605858e+03 4.025818811950820919e-02
5.644329190055086656e+03 3.754062523370153143e-02
5.646364314920742800e+03 3.492871669499583026e-02
5.648402488108576108e+03 3.206444540716573560e-02
5.650443709618584762e+03 2.999037569853154478e-02
5.652487979450770581e+03 2.721463805110458170e-02
5.654535297605131746e+03 2.447633455320695137e-02
5.656585664081670075e+03 2.214211009578568451e-02
5.658639078880383749e+03 1.919072781144699064e-02
5.660695542001273679e+03 1.651336436565052287e-02
5.662755053444339865e+03 1.428746080092226090e-02
5.664817613209583214e+03 1.190749077978174413e-02
5.666883221297001000e+03 9.134565628866527301e-03
5.668951877706596861e+03 6.664962557296229100e-03
5.671023582438368067e+03 4.345432679998200744e-03
5.673098335492315528e+03 1.782518535847885674e-03
5.675176136868438334e+03 -7.836714886187436634e-04
5.677256986566738306e+03 -3.537210683149421414e-03
5.679340884587214532e+03 -5.950904757959923908e-03
5.681427830929867014e+03 -8.424221010876727436e-03
5.683517825594694841e+03 -1.129476697063699735e-02
5.685610868581699833e+03 -1.360261010631571774e-02
5.687706959890880171e+03 -1.624466745659461017e-02
5.689806099522237673e+03 -1.855420781943765279e-02
5.691908287475770521e+03 -2.136685463473921368e-02
5.694013523751480534e+03 -2.433233002253369637e-02
5.696121808349365892e+03 -2.648406400639564257e-02
5.698233141269427506e+03 -2.911113830271934433e-02
5.700347522511665375e+03 -3.171450132689350443e-02
5.702464952076079499e+03 -3.380619335885763632e-02
5.704585429962670787e+03 -3.647266605929123245e-02
5.706708956171437421e+03 -3.892629194083151861e-02
5.708835530702380311e+03 -4.154362957515041199e-02
5.710965153555499455e+03 -4.443041187259252900e-02
5.713097824730793945e+03 -4.690294337355962323e-02
5.715233544228265600e+03 -4.972441886723242416e-02
5.717372312047913510e+03 -5.206871365589867823e-02
5.719514128189737676e+03 -5.486721864020207423e-02
5.721658992653737187e+03 -5.768905090926586265e-02
5.723806905439913862e+03 -5.997987290655972664e-02
5.725957866548265883e+03 -6.211526552125137823e-02
5.728111875978795069e+03 -6.492879682132281227e-02
5.730268933731499601e+03 -6.756564889647490024e-02
5.732429039806380388e+03 -7.003190458651815942e-02
5.734592194203438339e+03 -7.284439329864419999e-02
5.736758396922671636e+03 -7.518798130016852987e-02
5.738927647964081189e+03 -7.767766718613952626e-02
5.741099947327666996e+03 -8.104124303723544975e-02
5.743275295013429059e+03 -8.323540956416371206e-02
5.745453691021367376e+03 -8.620492227575500543e-02
5.747635135351481949e+03 -8.860279106079588241e-02
5.749819628003772777e+03 -9.107384133998744358e-02
5.752007168978239861e+03 -9.397315349908871851e-02
5.754197758274882290e+03 -9.631504266668503011e-02
5.756391395893701883e+03 -9.896716997239798919e-02
5.758588081834697732e+03 -1.018844762288694528e-01
5.760787816097868927e+03 -1.043141297604450179e-01
5.762990598683217286e+03 -1.067977232003694821e-01
5.765196429590741900e+03 -1.095154435837822765e-01
5.767405308820441860e+03 -1.122923658732190022e-01
5.769617236372318075e+03 -1.146172143679982242e-01
5.771832212246370545e+03 -1.175081949912060997e-01
5.774050236442600180e+03 -1.198858790517220441e-01
5.776271308961005161e+03 -1.226322680720928759e-01
5.778495429801586397e+03 -1.253472710362430464e-01
5.780722598964343888e+03 -1.281120256864185514e-01
5.782952816449277634e+03 -1.303683928729893193e-01
5.785186082256387635e+03 -1.330673747139167196e-01
5.787422396385673892e+03 -1.357736017924820460e-01
5.789661758837136404e+03 -1.384147026107339640e-01
5.791904169610775170e+03 -1.408425501305843874e-01
5.794149628706589283e+03 -1.436536587571977941e-01
5.796398136124580560e+03 -1.465600819842687030e-01
5.798649691864748092e+03 -1.487742411653650010e-01
5.800904295927090971e+03 -1.515079765100097731e-01
5.803161948311611013e+03 -1.541697159946330553e-01
5.805422649018306402e+03 -1.565653906321481381e-01
5.807686398047178955e+03 -1.595701230011720706e-01
5.809953195398226853e+03 -1.621100774959916557e-01
5.812223041071451007e+03 -1.647117411106845952e-01
5.814495935066852326e+03 -1.671455144510272106e-01
5.816771877384428990e+03 -1.698629484756630226e-01
5.819050868024181909e+03 -1.723372096814927146e-01
5.821332906986111084e+03 -1.749893276795452257e-01
5.823617994270216514e+03 -1.775300200627361324e-01
5.825906129876498198e+03 -1.802909799944369118e-01
5.828197313804956138e+03 -1.827649411852282912e-01
5.830491546055589424e+03 -1.854954397672946287e-01
5.832788826628399875e+03 -1.877788285792207634e-01
5.835089155523386580e+03 -1.902856968913864411e-01
5.837392532740549541e+03 -1.933894339285397446e-01
5.839698958279887847e+03 -1.957354022775307234e-01
5.842008432141403318e+03 -1.983965412622114288e-01
5.844320954325094135e+03 -2.009172237048742204e-01
5.846636524830962117e+03 -2.034432003016020951e-01
5.848955143659005444e+03 -2.059257795953046977e-01
5.851276810809225026e+03 -2.085636412961873187e-01
5.853601526281621773e+03 -2.109196368668232457e-01
5.855929290076193865e+03 -2.137474917359841187e-01
5.858260102192942213e+03 -2.164003834230920353e-01
5.860593962631866816e+03 -2.193495524567622978e-01
5.862930871392967674e+03 -2.212678000591770666e-01
5.865270828476244787e+03 -2.241998562184823462e-01
5.867613833881698156e+03 -2.267801693778553895e-01
5.869959887609327780e+03 -2.290426571679823053e-01
5.872308989659133658e+03 -2.319852838784331461e-01
5.874661140031115792e+03 -2.346347861252384703e-01
5.877016338725273272e+03 -2.374661712549519244e-01
5.879374585741607916e+03 -2.402937264693866537e-01
5.881735881080117906e+03 -2.429599352123187894e-01
5.884100224740805061e+03 -2.451856953624582114e-01
5.886467616723667561e+03 -2.475975865729868886e-01
5.888838057028707226e+03 -2.506225605197220374e-01
5.891211545655922237e+03 -2.530362813064154781e-01
5.893588082605313502e+03 -2.551584053644799233e-01
5.895967667876881933e+03 -2.579746868400671356e-01
5.898350301470625709e+03 -2.606550170324029581e-01
5.900735983386545740e+03 -2.634346934401425311e-01
5.903124713624642027e+03 -2.659108068280592874e-01
5.905516492184914568e+03 -2.683366982854960003e-01
5.907911319067363365e+03 -2.709154111364088235e-01
5.910309194271988417e+03 -2.735914743428717877e-01
5.912710117798789724e+03 -2.763236990332424425e-01
5.915114089647766377e+03 -2.790166617319277953e-01
5.917521109818920195e+03 -2.816598616230344687e-01
5.919931178312250267e+03 -2.839754749810544099e-01
5.922344295127755686e+03 -2.869160786121195961e-01
5.924760460265438269e+03 -2.893364131707973907e-01
5.927179673725297107e+03 -2.920094728230709924e-01
5.929601935507331291e+03 -2.947064824307532027e-01
5.932027245611541730e+03 -2.970374125006961519e-01
5.934455604037929334e+03 -2.994348619939357081e-01
5.936887010786492283e+03 -3.021229457240429128e-01
5.939321465857231487e+03 -3.047268920893513866e-01
5.941758969250146947e+03 -3.075500580788876892e-01
5.944199520965238662e+03 -3.100134797324536895e-01
5.946643121002506632e+03 -3.127614877761621393e-01
5.949089769361951767e+03 -3.151293707177726944e-01
5.951539466043571338e+03 -3.177551658558133707e-01
5.953992211047368073e+03 -3.204697225931208426e-01
5.956448004373341064e+03 -3.227335315139269745e-01
5.958906846021489400e+03 -3.254443778596807779e-01
5.961368735991814901e+03 -3.277518082570617941e-01
5.963833674284316658e+03 -3.307965216626551075e-01
5.966301660898994669e+03 -3.332306344499562645e-01
5.968772695835848026e+03 -3.357991232437068652e-01
5.971246779094878548e+03 -3.383948307881800011e-01
5.973723910676084415e+03 -3.407392385725911965e-01
5.976204090579466538e+03 -3.436972162277795451e-01
5.978687318805025825e+03 -3.462988716148086010e-01
5.981173595352760458e+03 -3.485022046135217155e-01
5.983662920222671346e+03 -3.513387675043519454e-01
5.986155293414758489e+03 -3.536429772631704549e-01
5.988650714929022797e+03 -3.562666002352770644e-01
5.991149184765461541e+03 -3.589047661235066355e-01
5.993650702924077450e+03 -3.616649939008967918e-01
5.996155269404869614e+03 -3.640736218036490501e-01
5.998662884207838033e+03 -3.666715530509633836e-01
6.001173547332982707e+03 -3.690559482712512107e-01

