#F ZnO_ref_ZnK
#E 1490376335
#D Sat Mar 25 01:02:44 2017
#C catexp  User = anka-bl-catact-0001
#O0   Energy  DCM_2Pitch  T1_height   T1_roll  T1_Pitch    T1_Yaw  T1_trans  Table1_J1
#O1 Table1_J2  Table1_J3  Table1_Y1  Table1_Y3  Table1_X     Hex_X     Hex_Y     Hex_Z
#O2 Hex_pitch  Hex_roll   Hex_yaw        m6        m7  M1_height   M1_roll  M1_pitch
#O3 M1_trans    M1_yaw  M1_Bend1  DCM_height  DCM_pitch  DCM_roll  DCM_Lat1  M2_height
#O4  M2_roll  M2_pitch  M2_trans    M2_yaw  M2_Bend1  M2_Bend2      Mono  

#S 1  akscan E 9.659 1
#D Sat Mar 25 01:02:49 2017
#T 1  (Seconds)
#H1 6 6 7
#H2 0 0 0
#H3
#H4 2 -100 5 1 -50 2 1
#H5 -20 20 0.5 1
#H6 1 16 0.05 1 0.5
#Q 
#P0 9.5089453 1.0752 97.524994 3.2187697 -6.9306854 37.048898 80.4675 104.357
#P1 101.78198 91.98048 50.835313 110.1 86.461875 0 -6 -8
#P2 0 0 0 40 0 0.360775 -0.00633125 -3.3086812
#P3 27.29965 0.0034 15000 6.861125 -4.6392832 0.0010683594 21.1007 -17.979825
#P4 0.029 -2.9446937 85.1267 -0.078675 40.999766 46.982422 12.000831 
#N 13
#L Energy    Epoch  Seconds  Ioni1  Ioni2  Ioni3  Absorption  Reference  Diode  E-current  temp  Monitor  Detector
9.5590625  23837.104 1.0000001 344074 111820 200273 1.1239663 -0.582791 94300 99.6795 21.5 0 0
9.5640234  23839.362 1.0000001 344396 112146 201383 1.1219906 -0.58540697 94737 99.6732 21.5 0 0
9.5689844  23841.609 1.0000001 344145 112211 202000 1.1206821 -0.58788667 95031 99.6711 21.5 0 0
9.5739844  23843.857 1.0000001 344265 112444 202951 1.1189564 -0.59050925 95590 99.6663 21.5 0 0
9.5789844  23846.105 1.0000001 343951 112471 203507 1.1178038 -0.59300499 96322 99.6621 21.5 0 0
9.5840234  23848.353 1.0000001 343892 112635 204322 1.1161752 -0.59554468 98331 99.6625 21.5 0 0
9.5889844  23850.610 1.0000001 343816 112758 205061 1.1148627 -0.59806357 100108 99.6572 21.5 0 0
9.5939844  23852.857 1.0000001 343729 112897 205833 1.1133777 -0.60058926 100806 99.6542 21.5 0 0
9.5989844  23855.105 1.0000001 342802 112634 205850 1.1130094 -0.60300412 100958 99.6508 21.5 0 0
9.6040234  23857.353 1.0000001 342957 112831 206746 1.111714 -0.60559986 101513 99.6481 21.5 0 0
9.6090234  23859.600 1.0000001 342253 112647 206902 1.1112912 -0.60798622 101273 99.6438 21.5 0 0
9.6110156  23861.857 1.0000001 342610 112841 207476 1.110613 -0.60903592 101094 99.6412 21.5 0 0
9.6130078  23864.105 1.0000001 342505 112843 207689 1.1102888 -0.6100443 100719 99.6387 21.5 0 0
9.615  23866.352 1.0000001 342273 112773 207751 1.1102317 -0.6109633 100497 99.6348 21.5 0 0
9.6169922  23868.599 1.0000001 342405 112882 208166 1.1096512 -0.61199281 100374 99.6332 21.5 0 0
9.6189844  23870.846 1.0000001 342573 112984 208571 1.1092386 -0.6130333 100536 99.6322 21.5 0 0
9.6209766  23873.094 1.0000001 342567 112997 208801 1.109106 -0.61402038 100653 99.6257 21.5 0 0
9.6229688  23875.342 1.0000001 342239 112865 208751 1.1093169 -0.61494974 100741 99.6237 21.5 0 0
9.625  23877.599 1.0000001 342279 112882 208995 1.1092832 -0.6159673 101144 99.6188 21.5 0 0
9.6269922  23879.847 1.0000001 342422 112961 209348 1.1090013 -0.61695531 101613 99.6157 21.5 0 0
9.6289844  23882.084 1.0000001 342542 113003 209637 1.1089799 -0.6179631 102007 99.6154 21.5 0 0
9.6309766  23884.331 1.0000001 342370 112902 209663 1.1093718 -0.61898129 102605 99.6077 21.5 0 0
9.6330078  23886.578 1.0000001 342297 112829 209724 1.1098054 -0.61991898 103120 99.6062 21.5 0 0
9.635  23888.836 1.0000001 342578 112879 210038 1.1101829 -0.62097202 104009 99.6046 21.5 0 0
9.6369922  23891.083 1.0000001 342630 112831 210147 1.11076 -0.62191616 104809 99.6011 21.5 0 0
9.6390234  23893.330 1.0000001 342850 112798 210296 1.1116944 -0.62291745 106167 99.5967 21.5 0 0
9.6394922  23895.577 1.0000001 342513 112621 210008 1.1122814 -0.62311743 106327 99.5964 21.5 0 0
9.6399609  23897.825 1.0000001 343047 112811 210416 1.1121536 -0.62337267 106738 99.5897 21.5 0 0
9.6405469  23900.072 1.0000001 343135 112820 210501 1.1123303 -0.62369678 107190 99.5877 21.5 0 0
9.6410156  23902.319 1.0000001 343229 112815 210540 1.1126486 -0.62392635 107609 99.5848 21.5 0 0
9.6414844  23904.567 1.0000001 343098 112693 210356 1.1133488 -0.62413403 107948 99.5812 21.5 0 0
9.6419922  23906.814 1.0000001 342957 112586 210201 1.1138877 -0.62434684 108189 99.5813 21.5 0 0
9.6424609  23909.062 1.0000001 343136 112611 210293 1.1141875 -0.62456239 108704 99.5729 21.5 0 0
9.6430078  23911.309 1.0000001 343146 112550 210231 1.1147584 -0.62480936 109331 99.5711 21.5 0 0
9.6435156  23913.556 1.0000001 343135 112480 210154 1.1153485 -0.62506517 109691 99.569 21.5 0 0
9.6439844  23915.804 1.0000001 342950 112319 209888 1.1162416 -0.62523102 110226 99.5646 21.5 0 0
9.6444531  23918.051 1.0000001 343005 112265 209837 1.1168829 -0.62546889 110718 99.5631 21.5 0 0
9.6450391  23920.299 1.0000001 343135 112234 209842 1.117538 -0.62576889 111400 99.5593 21.5 0 0
9.6455078  23922.546 1.0000001 343235 112178 209777 1.1183284 -0.62595817 112028 99.556 21.5 0 0
9.6460156  23924.793 1.0000001 343144 112030 209539 1.1193835 -0.62614319 112629 99.5527 21.5 0 0
9.6464844  23927.050 1.0000001 343018 111857 209254 1.1205617 -0.62632756 113291 99.5495 21.5 0 0
9.6469531  23929.287 1.0000001 343166 111806 209209 1.1214491 -0.62656853 114117 99.5499 21.5 0 0
9.6475391  23931.544 1.0000001 343246 111686 209035 1.122756 -0.62681034 114973 99.5435 21.5 0 0
9.6480078  23933.791 1.0000001 343237 111523 208771 1.1241903 -0.62700711 115847 99.542 21.5 0 0
9.6484766  23936.039 1.0000001 342890 111232 208259 1.1257916 -0.62716439 116709 99.5379 21.5 0 0
9.6489844  23938.286 1.0000001 343005 111116 208083 1.1271703 -0.62736234 117820 99.5349 21.5 0 0
9.6494531  23940.533 1.0000001 343013 110953 207823 1.1286617 -0.62758007 118813 99.5296 21.5 0 0
9.65  23942.780 1.0000001 343051 110723 207429 1.1308475 -0.62775753 120479 99.5296 21.5 0 0
9.6505078  23945.028 1.0000001 342928 110439 206933 1.1330572 -0.62793174 121606 99.5233 21.5 0 0
9.6509766  23947.275 1.0000001 342894 110141 206405 1.13566 -0.62807889 123032 99.5211 21.5 0 0
9.6514844  23949.502 1.0000001 343031 109906 206006 1.1381954 -0.62827984 124708 99.5191 21.5 0 0
9.6520313  23951.729 1.0000001 343091 109566 205414 1.1414686 -0.62850035 126779 99.5161 21.5 0 0
9.6525  23953.956 1.0000001 343143 109207 204762 1.1449021 -0.62860317 128771 99.5139 21.5 0 0
9.6530078  23956.184 1.0000001 343001 108712 203842 1.1490312 -0.628643 130778 99.5084 21.5 0 0
9.6534766  23958.411 1.0000001 343086 108286 203078 1.1532053 -0.62881427 133306 99.5069 21.5 0 0
9.6539453  23960.637 1.0000001 343128 107843 202273 1.1574271 -0.6289418 136046 99.5045 21.5 0 0
9.6545312  23962.865 1.0000001 343168 107169 201014 1.1638131 -0.62896753 139906 99.4989 21.5 0 0
9.655  23965.092 1.0000001 343187 106458 199690 1.1705249 -0.62901562 143367 99.4974 21.5 0 0
9.6555078  23967.319 1.0000001 343093 105635 198149 1.1780118 -0.62902952 147525 99.4932 21.5 0 0
9.6559766  23969.537 1.0000001 343201 104760 196515 1.1866443 -0.62906674 152444 99.4901 21.5 0 0
9.6564453  23971.764 1.0000001 343207 103682 194478 1.1970052 -0.62899052 158210 99.4883 21.5 0 0
9.6570312  23973.991 1.0000001 343264 102139 191552 1.2121652 -0.62882468 166431 99.4838 21.5 0 0
9.6575  23976.218 1.0000001 343055 100335 188114 1.2293762 -0.62853357 175249 99.4803 21.5 0 0
9.6580078  23978.445 1.0000001 343093 98211 184061 1.2508833 -0.628149 186175 99.4795 21.5 0 0
9.6585547  23980.673 1.0000001 343205 94914 177766 1.2853567 -0.62749686 203636 99.4764 21.5 0 0
9.6589453  23982.900 1.0000001 343247 91795 171809 1.3188925 -0.62682556 219784 99.4709 21.5 0 0
9.6595313  23985.117 1.0000001 343096 85898 160535 1.3848497 -0.62535144 250092 99.4679 21.5 0 0
9.66  23987.345 1.0000001 343064 79327 147977 1.4643385 -0.62347831 284438 99.4656 21.5 0 0
9.6604687  23989.572 1.0000001 343133 71358 132791 1.5704087 -0.621067 327644 99.4626 21.5 0 0
9.6610547  23991.799 1.0000001 343143 60467 112082 1.7360495 -0.61713298 388423 99.459 21.5 0 0
9.6614453  23994.027 1.0000001 343124 52210 96421 1.8828179 -0.61344997 436105 99.4558 21.5 0 0
9.6620313  23996.254 1.0000001 342930 40948 75107 2.1252234 -0.60661079 503827 99.4522 21.5 0 0
9.6625  23998.481 1.0000001 342924 33009 60109 2.3407286 -0.59937933 554479 99.449 21.5 0 0
9.6630078  24000.709 1.0000001 342999 27233 49220 2.5332981 -0.59187057 593871 99.4456 21.5 0 0
9.6635547  24002.937 1.0000001 342984 23267 41759 2.6906478 -0.58487895 621486 99.4423 21.5 0 0
9.6639453  24005.164 1.0000001 342827 21794 38991 2.7555912 -0.58169615 631828 99.4404 21.5 0 0
9.6645312  24007.392 1.0000001 342720 20628 36803 2.8102644 -0.57892999 640094 99.4375 21.5 0 0
9.665  24009.619 1.0000001 342853 19764 35183 2.8534397 -0.57670091 647314 99.4338 21.5 0 0
9.6655078  24011.846 1.0000001 342928 18668 33112 2.9107097 -0.57308493 656806 99.4314 21.5 0 0
9.6659766  24014.073 1.0000001 342968 17274 30476 2.9884347 -0.56773701 669262 99.4287 21.5 0 0
9.6664453  24016.291 1.0000001 342826 15636 27381 3.0876471 -0.56027339 683530 99.4227 21.5 0 0
9.6670313  24018.517 1.0000001 342875 13672 23666 3.222016 -0.54868947 702989 99.4225 21.5 0 0
9.6675  24020.745 1.0000001 342935 12108 20710 3.3436745 -0.53675028 719032 99.4184 21.5 0 0
9.6680078  24022.973 1.0000001 342996 10753 18150 3.462534 -0.52348578 733933 99.4149 21.5 0 0
9.6684766  24025.200 1.0000001 342953 9688 16134 3.5667054 -0.51004084 745943 99.4124 21.5 0 0
9.6689453  24027.418 1.0000001 342782 8972 14784 3.6429861 -0.4994369 754178 99.4099 21.5 0 0
9.6695313  24029.645 1.0000001 342852 8676 14233 3.6767383 -0.49500262 758037 99.405 21.5 0 0
9.67  24031.873 1.0000001 342923 8873 14615 3.654493 -0.49903544 755318 99.4027 21.5 0 0
9.6705078  24034.101 1.0000001 342880 9438 15699 3.5926364 -0.50885292 748107 99.4003 21.5 0 0
9.6709766  24036.328 1.0000001 342710 10326 17396 3.5022196 -0.52157531 736528 99.3964 21.5 0 0
9.6714844  24038.556 1.0000001 342775 11463 19567 3.3979498 -0.53472002 723863 99.3935 21.5 0 0
9.6719531  24040.784 1.0000001 342868 12706 21939 3.2952712 -0.54619155 710373 99.3906 21.5 0 0
9.6725  24043.011 1.0000001 342878 14197 24782 3.184344 -0.55708691 695528 99.3871 21.5 0 0
9.6730078  24045.238 1.0000001 342759 15422 27122 3.1012325 -0.56455015 683141 99.3852 21.5 0 0
9.6734766  24047.465 1.0000001 342599 16694 29551 3.0215113 -0.57106821 670728 99.3809 21.5 0 0
9.6739844  24049.683 1.0000001 342641 18062 32161 2.942873 -0.57694425 659135 99.3789 21.5 0 0
9.6744531  24051.910 1.0000001 342621 19511 34925 2.8656465 -0.5822245 646795 99.3744 21.5 0 0
9.6750391  24054.138 1.0000001 342570 21068 37901 2.7887207 -0.5872222 634539 99.3708 21.5 0 0
9.6755078  24056.355 1.0000001 342421 22017 39713 2.7442261 -0.58986371 626302 99.3695 21.5 0 0
9.6760156  24058.583 1.0000001 342456 22478 40599 2.7236061 -0.59120638 622501 99.3662 21.5 0 0
9.6764844  24060.809 1.0000001 342710 22439 40531 2.7260841 -0.5912666 623935 99.3631 21.5 0 0
9.6769531  24063.037 1.0000001 342900 21921 39546 2.7499938 -0.59001947 628430 99.3599 21.5 0 0
9.6775391  24065.264 1.0000001 343000 20807 37432 2.802441 -0.58723649 637688 99.3567 21.5 0 0
9.6780078  24067.492 1.0000001 342922 19554 35055 2.8643231 -0.58373839 647442 99.3536 21.5 0 0
9.6785156  24069.720 1.0000001 343071 18290 32650 2.931583 -0.57949039 658642 99.3496 21.5 0 0
9.6789844  24071.947 1.0000001 343168 17197 30576 2.9934852 -0.57548044 668422 99.346 21.5 0 0
9.6798828  24074.697 1.5302388 525069 24590 43532 3.0611898 -0.57115644 1038349 99.3449 21.5 0 0
9.6807813  24077.559 1.5464898 530309 24952 44211 3.0565059 -0.57201965 1047927 99.339 21.5 0 0
9.6817578  24080.441 1.5625718 535614 26409 46984 3.0097089 -0.57610226 1047982 99.336 21.5 0 0
9.6826172  24083.313 1.57849 540754 27793 49612 2.9681803 -0.57944855 1048241 99.3321 21.5 0 0
9.6835938  24086.184 1.5942493 546532 29134 52160 2.931687 -0.58241004 1051041 99.3275 21.5 0 0
9.6845703  24089.056 1.6098543 552147 30748 55244 2.8879894 -0.58593479 1051723 99.3234 21.5 0 0
9.6855469  24091.937 1.6253094 557441 32742 59048 2.834698 -0.58969202 1048175 99.3185 21.5 0 0
9.6866016  24094.809 1.640619 562204 34810 62999 2.7819601 -0.59321415 1043446 99.3156 21.5 0 0
9.6875781  24097.741 1.6557871 567361 36328 65900 2.748407 -0.59554965 1043296 99.312 21.5 0 0
9.6886328  24100.663 1.6708174 573165 37692 68510 2.7217258 -0.59753185 1047478 99.3074 21.5 0 0
9.6897656  24103.595 1.6857137 578585 39670 72310 2.6799902 -0.6003672 1045676 99.3035 21.5 0 0
9.6908203  24106.517 1.7004796 583628 42321 77401 2.6239804 -0.60371628 1037786 99.2989 21.5 0 0
9.6919531  24109.440 1.7151183 588650 45348 83215 2.5634657 -0.60706155 1027762 99.2965 21.5 0 0
9.6930859  24112.363 1.7296331 593663 47613 87572 2.523206 -0.60935548 1023467 99.2915 21.5 0 0
9.6942187  24115.295 1.7440272 598645 49037 90318 2.5020937 -0.61076166 1025425 99.2881 21.5 0 0
9.6953906  24118.318 1.7583034 603414 50196 92564 2.4866682 -0.61196495 1028979 99.2843 21.5 0 0
9.6966016  24121.351 1.7724646 608378 51209 94528 2.4748811 -0.61298079 1033522 99.2789 21.5 0 0
9.6978125  24124.385 1.7865136 613271 51548 95205 2.4762935 -0.61351905 1043299 99.2746 21.5 0 0
9.6990234  24127.417 1.8004529 617951 51025 94213 2.4940935 -0.61324247 1058318 99.2715 21.5 0 0
9.7002344  24130.461 1.8142852 622767 49917 92103 2.5238108 -0.61254589 1078147 99.2654 21.5 0 0
9.7015625  24133.494 1.8280128 627505 48343 89084 2.5634302 -0.61125831 1100839 99.2621 21.5 0 0
9.7027734  24136.527 1.8416381 631981 46683 85902 2.6054793 -0.60982704 1124155 99.2569 21.5 0 0
9.7040625  24139.560 1.8551633 637263 45020 82716 2.6500756 -0.60830622 1149573 99.2556 21.5 0 0
9.7054687  24142.764 1.8685906 641982 43486 79777 2.6921212 -0.6067962 1173230 99.2489 21.5 0 0
9.7067578  24145.967 1.8819221 646417 42091 77100 2.7316109 -0.60526934 1194974 99.2449 21.5 0 0
9.7081641  24149.172 1.8951598 650562 40393 73838 2.7791801 -0.603217 1218096 99.2394 21.5 0 0
9.7095312  24152.376 1.9083057 652669 38419 70031 2.832518 -0.60038587 1237205 99.236 21.5 0 0
9.7109375  24155.579 1.9213617 654222 36185 65724 2.8948021 -0.59681949 1257703 99.2307 21.5 0 0
9.7123047  24158.793 1.9343296 663813 34281 62043 2.9634092 -0.59323643 1301642 99.2261 21.5 0 0
9.7137891  24161.998 1.947211 668811 32321 58257 3.0297843 -0.58914708 1331607 99.2215 21.5 0 0
9.7151562  24165.191 1.9600079 673155 31887 57432 3.0497772 -0.58840324 1346104 99.2191 21.5 0 0
9.7167188  24168.395 1.9727217 677362 33542 60667 3.0054075 -0.59260151 1343012 99.2127 21.5 0 0
9.7181641  24171.659 1.9853541 681700 36298 66040 2.932827 -0.59849798 1329717 99.208 21.5 0 0
9.7197266  24174.913 1.9979066 686039 39020 71350 2.8668601 -0.60352301 1318248 99.2044 21.5 0 0
9.7212109  24178.158 2.0103808 690305 40582 74406 2.8338089 -0.60621197 1316252 99.1991 21.5 0 0
9.7227344  24181.413 2.022778 694516 41309 75845 2.8221348 -0.60761139 1321007 99.1941 21.5 0 0
9.7242969  24184.668 2.0350997 698582 41839 76913 2.8152236 -0.60884599 1327596 99.19 21.5 0 0
9.7259375  24187.922 2.0473473 702568 42375 77985 2.8081836 -0.60995793 1333605 99.1843 21.5 0 0
9.7275  24191.166 2.059522 706643 42481 78221 2.8114687 -0.61048124 1343183 99.1825 21.5 0 0
9.7291406  24194.421 2.0716252 710527 41870 77055 2.8314374 -0.60994987 1358477 99.1771 21.5 0 0
9.7307422  24197.665 2.083658 714516 40901 75187 2.8604509 -0.60882383 1376784 99.1722 21.5 0 0
9.7324609  24201.041 2.0956218 718645 40046 73544 2.8873387 -0.60785507 1394586 99.1682 21.5 0 0
9.7341016  24204.396 2.1075177 722531 39466 72442 2.9073208 -0.6073467 1410059 99.1624 21.5 0 0
9.7358203  24207.761 2.1193468 726563 38832 71229 2.9290805 -0.60665539 1425700 99.1576 21.5 0 0
9.7375781  24211.116 2.1311102 730285 38129 69875 2.9524597 -0.60573278 1441457 99.1527 21.5 0 0
9.7392969  24214.482 2.1428091 734074 37872 69403 2.9643978 -0.60571804 1453761 99.1478 21.5 0 0
9.7410937  24217.837 2.1544444 738054 38445 70558 2.9547883 -0.60720642 1459136 99.1429 21.5 0 0
9.7428125  24221.212 2.1660173 741692 39536 72734 2.9317224 -0.6095973 1460203 99.1385 21.5 0 0
9.7446094  24224.568 2.1775286 745179 40998 75652 2.9001012 -0.61262059 1456956 99.135 21.5 0 0
9.7464062  24227.932 2.1889794 749231 42671 78981 2.8655278 -0.61568778 1454299 99.129 21.5 0 0
9.7483203  24231.459 2.2003706 752649 44453 82537 2.8291665 -0.61881423 1448964 99.1245 21.5 0 0
9.7501172  24234.986 2.2117032 756461 46275 86173 2.7940491 -0.62175505 1444702 99.1192 21.5 0 0
9.7520312  24238.523 2.2229779 759802 48252 90125 2.7566206 -0.62476032 1438924 99.1144 21.5 0 0
9.7539062  24242.050 2.2341958 763533 50294 94215 2.7200706 -0.62769362 1433860 99.111 21.5 0 0
9.7557813  24245.586 2.2453576 767564 52107 97860 2.6899226 -0.63023859 1431276 99.1049 21.5 0 0
9.7577734  24249.112 2.2564642 771277 53533 100740 2.6677493 -0.63224465 1431735 99.1009 21.5 0 0
9.7596484  24252.628 2.2675165 774783 54460 102637 2.6551165 -0.633732 1434208 99.095 21.5 0 0
9.7616406  24256.144 2.2785151 777450 54879 103535 2.6508886 -0.63477896 1438080 99.0904 21.5 0 0
9.7635938  24259.660 2.2894608 776083 54401 102649 2.6578769 -0.63493287 1434639 99.0866 21.5 0 0
9.7655859  24263.217 2.3003545 785654 54494 102901 2.6684259 -0.63567676 1463406 99.0816 21.5 0 0
9.7676562  24266.773 2.3111969 788862 53609 101210 2.6888744 -0.6354806 1478473 99.0767 21.5 0 0
9.7697266  24270.329 2.3219886 786543 52008 98087 2.7162498 -0.63445729 1481951 99.0715 21.5 0 0
9.7717969  24273.895 2.3327303 797019 51251 96647 2.7441434 -0.63433004 1518934 99.0665 21.5 0 0
9.7738281  24277.451 2.3434229 800894 50018 94249 2.7733457 -0.63355728 1539665 99.0606 21.5 0 0
9.7758984  24281.008 2.3540669 804208 49215 92709 2.7936595 -0.6332671 1554400 99.0577 21.5 0 0
9.7780469  24284.565 2.364663 807609 48755 91855 2.8072703 -0.63340349 1567153 99.0526 21.5 0 0
9.7801953  24288.131 2.3752118 811367 48538 91483 2.8163735 -0.63380617 1578783 99.0457 21.5 0 0
9.7823438  24291.688 2.3857139 814712 48645 91766 2.8182856 -0.63469283 1586326 99.0408 21.5 0 0
9.7844922  24295.245 2.39617 818022 49058 92665 2.813886 -0.63598757 1591420 99.0353 21.5 0 0
9.7867578  24298.802 2.4065807 821345 49523 93662 2.808506 -0.63725535 1595924 99.0306 21.5 0 0
9.7889844  24302.368 2.4169466 824454 49756 94200 2.8075903 -0.63828912 1601896 99.0257 21.5 0 0
9.7912109  24306.045 2.4272682 827615 49610 93975 2.8143556 -0.63883636 1610863 99.022 21.5 0 0
9.7934375  24309.712 2.4375461 831033 49252 93327 2.8257195 -0.63915948 1624254 99.0172 21.5 0 0
9.7957031  24313.380 2.4477808 834260 48908 92706 2.8366041 -0.63949221 1635958 99.0095 21.5 0 0
9.7980078  24317.046 2.4579729 837006 48894 92744 2.8401765 -0.64018832 1644555 99.0057 21.5 0 0
9.8003516  24320.714 2.468123 839602 49556 94163 2.8298246 -0.64192398 1646487 99.001 21.5 0 0
9.8026953  24324.391 2.4782314 840235 50647 96445 2.8088016 -0.6440929 1638736 98.9959 21.5 0 0
9.805  24328.058 2.4882988 840052 51770 98782 2.786653 -0.64610457 1627686 98.9908 21.5 0 0
9.8074219  24331.725 2.4983256 839592 52830 101013 2.7658368 -0.64817001 1616425 98.9861 21.5 0 0
9.8097266  24335.393 2.5083124 851001 54710 104916 2.7443668 -0.65111352 1638382 98.9806 21.5 0 0
9.8121484  24339.241 2.5182595 853019 55527 106666 2.7319124 -0.65283307 1639140 98.9756 21.5 0 0
9.8145703  24343.080 2.5281675 850575 55572 106845 2.7282331 -0.65369971 1630041 98.9683 21.5 0 0
9.8170703  24346.929 2.5380368 859299 55997 107803 2.7308188 -0.65500737 1654238 98.9661 21.5 0 0
9.8194922  24350.777 2.5478679 864658 55627 107152 2.7436654 -0.65557969 1674404 98.9581 21.5 0 0
9.8219922  24354.605 2.5576612 868144 54809 105575 2.7625032 -0.65556719 1690796 98.955 21.5 0 0
9.8244922  24358.463 2.5674172 871347 54074 104165 2.7796868 -0.6556227 1705963 98.9477 21.5 0 0
9.8269922  24362.292 2.5771362 874215 53543 103167 2.7928413 -0.65586397 1718683 98.9431 21.5 0 0
9.8294922  24366.140 2.5868187 876779 53214 102587 2.8019334 -0.6563897 1728786 98.9374 21.5 0 0
9.8321094  24369.988 2.5964651 880013 53222 102702 2.8054648 -0.65735975 1738060 98.9323 21.5 0 0
9.8346875  24373.826 2.6060758 882410 53510 103388 2.8027882 -0.65862035 1742045 98.9265 21.5 0 0
9.8372656  24377.675 2.6156511 885125 53892 104268 2.7987468 -0.65998246 1746496 98.9227 21.5 0 0
9.8398828  24381.534 2.6251916 888219 54326 105256 2.7942154 -0.66139254 1750472 98.9157 21.5 0 0
9.8424609  24385.402 2.6346975 890577 54990 106732 2.7847182 -0.66316967 1751389 98.9113 21.5 0 0
9.8451563  24389.311 2.6441692 892844 55915 108736 2.7705792 -0.66509025 1749351 98.9068 21.5 0 0
9.8478516  24393.219 2.6536072 888379 56294 109615 2.7588105 -0.66638627 1730386 98.9002 21.5 0 0
9.8505078  24397.138 2.6630116 891246 57305 111816 2.7442326 -0.66846678 1732097 98.896 21.5 0 0
9.8532813  24401.047 2.672383 895276 58400 114217 2.7298162 -0.67078426 1736374 98.8893 21.5 0 0
9.8559766  24404.955 2.6817216 902479 59801 117218 2.714123 -0.67301307 1747877 98.8839 21.5 0 0
9.85875  24408.864 2.6910279 905975 60962 119748 2.698761 -0.67513882 1750593 98.8785 21.5 0 0
9.8615234  24412.783 2.700302 908559 61932 121885 2.6858228 -0.67704097 1750637 98.8744 21.5 0 0
9.8642969  24416.692 2.7095444 910847 62649 123507 2.6768272 -0.67875012 1752654 98.8677 21.5 0 0
9.8670703  24420.601 2.7187554 913802 63067 124501 2.6734163 -0.68011609 1758171 98.8628 21.5 0 0
9.8698437  24424.500 2.7279353 915545 63010 124509 2.6762261 -0.68108456 1763644 98.8576 21.5 0 0
9.8727344  24428.408 2.7370844 917781 62759 124118 2.6826568 -0.68193073 1772248 98.8499 21.5 0 0
9.8756641  24432.328 2.746203 919944 62335 123366 2.6917897 -0.68263248 1782042 98.8454 21.5 0 0
9.8784375  24436.348 2.7552914 921701 61741 122252 2.7032727 -0.68313627 1791873 98.8399 21.5 0 0
9.8814062  24440.368 2.76435 924427 61274 121406 2.7138185 -0.68378469 1804106 98.8354 21.5 0 0
9.8842969  24444.388 2.773379 926125 60937 120827 2.7211687 -0.68451923 1811553 98.8293 21.5 0 0
9.8872266  24448.408 2.7823787 928331 60522 120092 2.7303814 -0.68525118 1821052 98.8213 21.5 0 0
9.8901953  24452.438 2.7913493 929617 60022 119174 2.7400615 -0.68587345 1828903 98.8194 21.5 0 0
9.8931641  24456.458 2.8002912 922598 59168 117504 2.7468127 -0.68609152 1812599 98.8143 21.5 0 0
9.8962109  24460.477 2.8092047 933322 59919 119222 2.7457566 -0.68799365 1840676 98.807 21.5 0 0
9.8991797  24464.487 2.81809 938050 60521 120626 2.7408128 -0.68970444 1851459 98.802 21.5 0 0
9.9022266  24468.516 2.8269473 939900 60992 121762 2.7350308 -0.69132561 1853462 98.7953 21.5 0 0
9.9052734  24472.537 2.835777 941822 61552 123085 2.727934 -0.69299283 1854934 98.7909 21.5 0 0
9.9083594  24476.557 2.8445792 942712 62082 124354 2.7203047 -0.69467625 1852464 98.7851 21.5 0 0
9.9114844  24480.758 2.8533543 944316 62558 125504 2.7143667 -0.6962435 1854782 98.7782 21.5 0 0
9.9145703  24484.949 2.8621025 940817 62325 125143 2.714386 -0.69709445 1845053 98.7725 21.5 0 0
9.9176953  24489.140 2.8708241 939841 62514 125711 2.7103202 -0.69859509 1841858 98.768 21.5 0 0
9.9208594  24493.321 2.8795192 949244 63572 128107 2.7034928 -0.70069273 1862681 98.7623 21.5 0 0
9.9239844  24497.512 2.8881882 950927 64164 129528 2.695995 -0.70245477 1863702 98.7546 21.5 0 0
9.9272266  24501.713 2.8968312 953186 64723 130877 2.6896934 -0.70414133 1866395 98.7497 21.5 0 0
9.9303906  24505.903 2.9054485 954592 65106 131857 2.6852673 -0.70570129 1868139 98.7442 21.5 0 0
9.9336328  24510.093 2.9140403 957016 65573 133016 2.6806561 -0.7073054 1872741 98.7385 21.5 0 0
9.936875  24514.283 2.9226069 958611 66014 134126 2.6756185 -0.70891282 1873621 98.7323 21.5 0 0
9.9401172  24518.484 2.9311484 960239 66388 135100 2.6716659 -0.71049893 1876832 98.7261 21.5 0 0
9.9433594  24522.664 2.9396651 962284 66712 135955 2.6689248 -0.7119391 1881400 98.7217 21.5 0 0
9.9467188  24526.854 2.9481572 963442 66963 136670 2.6663721 -0.71342903 1882940 98.7145 21.5 0 0
9.9500391  24531.045 2.9566249 965659 67219 137389 2.6648548 -0.71486037 1888047 98.7108 21.5 0 0
9.9533984  24535.245 2.9650685 966190 67259 137647 2.6648097 -0.7161416 1890624 98.7044 21.5 0 0
9.9567188  24539.486 2.973488 968199 67311 137931 2.666114 -0.71742989 1896377 98.698 21.5 0 0
9.9600781  24543.727 2.9818838 969741 67299 138080 2.6678836 -0.71868785 1902562 98.6929 21.5 0 0
9.9635156  24547.959 2.990256 970798 67148 137928 2.6712193 -0.71983267 1908080 98.6846 21.5 0 0
9.9669531  24552.180 2.9986048 973200 66992 137765 2.6760164 -0.72097613 1917265 98.6798 21.5 0 0
9.9703906  24556.401 3.0069305 974907 66905 137753 2.6790684 -0.72218852 1924086 98.6742 21.5 0 0
9.9738281  24560.621 3.0152332 977722 67286 138768 2.6762732 -0.72385128 1932651 98.6694 21.5 0 0
9.9772656  24564.842 3.023513 979791 67878 140234 2.6696273 -0.72560048 1935448 98.6635 21.5 0 0
9.9807031  24569.063 3.0317703 981657 68499 141784 2.6624228 -0.72748563 1937387 98.6556 21.5 0 0
9.9842578  24573.274 3.0400051 958255 66991 138645 2.6605556 -0.72735843 1875030 98.6517 21.5 0 0
9.9878125  24577.496 3.0482177 984784 69972 145387 2.6443272 -0.73130399 1938034 98.6445 21.5 0 0
9.9913281  24581.707 3.0564082 988421 71000 147845 2.6334288 -0.73348455 1942647 98.6391 21.5 0 0
9.9949609  24585.928 3.0645768 989763 71610 149391 2.6262308 -0.7353323 1943103 98.6352 21.5 0 0
9.9985156  24590.260 3.0727237 992392 71978 150395 2.6237577 -0.73690465 1949821 98.6283 21.5 0 0
10.002148  24594.582 3.0808491 993803 72106 150883 2.6234017 -0.73836744 1954619 98.6222 21.5 0 0
10.005781  24598.914 3.0889531 995358 72255 151421 2.6229009 -0.73986251 1963284 98.616 21.5 0 0
10.009414  24603.236 3.0970358 997502 72457 152080 2.6222609 -0.74141342 1972657 98.6091 21.5 0 0
10.013047  24607.567 3.1050976 998155 72584 152570 2.6211641 -0.742879 1976564 98.605 21.5 0 0
10.016719  24611.900 3.1131385 1000295 72756 153159 2.6209389 -0.74436522 1983040 98.5958 21.5 0 0
10.02043  24616.231 3.1211586 1000778 72634 153097 2.6230998 -0.74563858 1986017 98.592 21.5 0 0
10.02418  24620.553 3.1291582 1002633 72627 153295 2.6250481 -0.74702742 1992705 98.5854 21.5 0 0
10.02793  24624.875 3.1371374 1003730 72675 153624 2.6254809 -0.74851061 1995183 98.5786 21.5 0 0
10.031641  24629.206 3.1450963 1004278 72668 153816 2.626123 -0.74985596 1995066 98.5728 21.5 0 0
10.03543  24633.538 3.1530352 1005223 72651 153994 2.6272975 -0.75124649 1994835 98.5688 21.5 0 0
10.039258  24637.859 3.1609541 1004737 72612 154127 2.6273509 -0.75264674 1990727 98.5623 21.5 0 0
10.043008  24642.190 3.1688533 1005681 72750 154647 2.6263913 -0.75411619 1990796 98.5577 21.5 0 0
10.046836  24646.522 3.1767328 1004143 72737 154838 2.6250395 -0.75552921 1985756 98.5485 21.5 0 0
10.050703  24651.025 3.1845928 1001442 72697 154967 2.6228961 -0.75691207 1977757 98.544 21.5 0 0
10.054531  24655.519 3.1924334 994827 72272 154210 2.6221321 -0.75787853 1960226 98.5367 21.5 0 0
10.058477  24660.023 3.2002548 1001434 73216 156585 2.6157743 -0.76018502 1975456 98.5314 21.5 0 0
10.062422  24664.527 3.2080572 999802 73369 157162 2.6120558 -0.76177562 1969687 98.5242 21.5 0 0
10.066289  24669.030 3.2158406 998060 73556 157801 2.6077664 -0.76328772 1963768 98.5174 21.5 0 0
10.070234  24673.543 3.2236053 997226 73849 158701 2.602955 -0.76499946 1959583 98.5121 21.5 0 0
10.074258  24678.036 3.2313513 992173 73726 158648 2.599542 -0.76633239 1946175 98.5062 21.5 0 0
10.078242  24682.539 3.2390787 987403 73724 158898 2.5947499 -0.7679341 1933512 98.5007 21.5 0 0
10.082266  24687.053 3.2467878 993599 74423 160709 2.5915687 -0.76983024 1948011 98.4936 21.5 0 0
10.08625  24691.556 3.2544786 992195 74585 161309 2.5879802 -0.77138237 1942969 98.4883 21.5 0 0
10.090273  24696.049 3.2621513 988954 74612 161607 2.5843465 -0.77286611 1934401 98.4829 21.5 0 0
10.094336  24700.552 3.269806 986220 74615 161855 2.5815379 -0.77435931 1927512 98.4762 21.5 0 0
10.098477  24705.055 3.2774428 983987 74597 162052 2.5795124 -0.77581698 1923295 98.4694 21.5 0 0
10.102539  24709.578 3.2850618 983351 74666 162457 2.5779413 -0.77738852 1922284 98.4637 21.5 0 0
10.106602  24714.102 3.2926632 984085 74860 163147 2.5760926 -0.77903193 1924881 98.457 21.5 0 0
10.110781  24718.665 3.3002471 984213 74957 163623 2.5749277 -0.78065039 1926673 98.4517 21.5 0 0
10.114922  24723.238 3.3078136 987474 75229 164491 2.5746134 -0.78231906 1934960 98.4447 21.5 0 0
10.119102  24727.811 3.3153629 986771 75158 164580 2.5748454 -0.78380421 1935138 98.4375 21.5 0 0
10.123359  24732.384 3.322895 982096 74769 163913 2.5752857 -0.78493244 1925395 98.4324 21.5 0 0
10.127539  24736.948 3.33041 986482 75185 165132 2.5741933 -0.78679341 1936168 98.4256 21.5 0 0
10.131797  24741.522 3.3379082 989873 75666 166509 2.5712477 -0.78872044 1943942 98.4191 21.5 0 0
10.136055  24746.095 3.3453895 988535 75747 166951 2.5688252 -0.79030152 1940878 98.4135 21.5 0 0
10.140352  24750.649 3.3528542 988737 76002 167798 2.5656687 -0.79200122 1940838 98.4061 21.5 0 0
10.144609  24755.222 3.3603022 987276 76134 168348 2.5624547 -0.79353832 1937210 98.4006 21.5 0 0
10.148867  24759.795 3.3677338 986663 76296 168969 2.559708 -0.79509475 1936325 98.395 21.5 0 0
10.153242  24764.369 3.375149 986989 76483 169669 2.5575904 -0.79678099 1937036 98.389 21.5 0 0
10.157617  24768.933 3.382548 986922 76660 170348 2.5552109 -0.79846334 1938758 98.3792 21.5 0 0
10.161914  24773.507 3.3899308 990228 77147 171765 2.5522225 -0.80041457 1947631 98.3753 21.5 0 0
10.166289  24778.080 3.3972976 988556 77242 172248 2.5493019 -0.80199195 1944819 98.3687 21.5 0 0
10.170703  24782.765 3.4046485 984334 77091 172123 2.5469787 -0.8032228 1935553 98.362 21.5 0 0
10.175195  24787.439 3.4119835 984860 77522 173462 2.5419377 -0.80539679 1941685 98.3567 21.5 0 0
10.17957  24792.123 3.4193027 988335 77978 174791 2.539595 -0.80716424 1954495 98.3485 21.5 0 0
10.184062  24796.807 3.4266064 985275 77849 174761 2.5381497 -0.80864827 1950666 98.3426 21.5 0 0
10.188555  24801.481 3.4338944 982623 77760 174817 2.5365984 -0.81011255 1945492 98.3375 21.5 0 0
10.193047  24806.156 3.4411671 979950 77632 174783 2.5355218 -0.81156549 1939858 98.33 21.5 0 0
10.197539  24810.840 3.4484244 976468 77404 174517 2.5349035 -0.8129837 1932741 98.3251 21.5 0 0
10.202031  24815.525 3.4556665 973975 77240 174403 2.5344682 -0.81445126 1925667 98.3168 21.5 0 0
10.206641  24820.200 3.4628935 969595 76917 173900 2.5341515 -0.8157535 1912549 98.3116 21.5 0 0
10.21125  24824.884 3.4701053 967021 76789 173862 2.5331588 -0.81720048 1904889 98.3048 21.5 0 0
10.215859  24829.568 3.4773023 964034 76665 173843 2.5316813 -0.81870731 1897728 98.2984 21.5 0 0
10.220469  24834.253 3.4844843 961897 76639 174055 2.5298013 -0.82026526 1893286 98.2895 21.5 0 0
10.225078  24838.927 3.4916516 957934 76482 173951 2.5277235 -0.82171823 1884865 98.2856 21.5 0 0
10.229727  24843.611 3.4988042 957863 76740 174854 2.5242817 -0.82352826 1885149 98.2776 21.5 0 0
10.234453  24848.295 3.5059423 955965 76811 175321 2.5213734 -0.82527072 1881769 98.2722 21.5 0 0
10.239062  24853.120 3.5130658 954413 76905 175817 2.5185256 -0.82687279 1878511 98.2632 21.5 0 0
10.243789  24857.955 3.5201749 949012 76722 175661 2.5152329 -0.8283675 1867483 98.2584 21.5 0 0
10.248516  24862.790 3.5272696 949183 76982 176578 2.51203 -0.83019108 1869822 98.2528 21.5 0 0
10.253359  24867.615 3.5343502 941541 76548 175803 2.5095999 -0.83144605 1855988 98.2452 21.5 0 0
10.258086  24872.449 3.5414165 934688 76183 175195 2.5070744 -0.8327613 1844272 98.2394 21.5 0 0
10.262813  24877.285 3.5484688 926137 75673 174216 2.5046007 -0.83387448 1827506 98.2323 21.5 0 0
10.267656  24882.120 3.5555072 919948 75378 173781 2.5018017 -0.83528043 1814120 98.2255 21.5 0 0
10.2725  24886.945 3.5625316 913546 75061 173281 2.4990326 -0.83661344 1800663 98.2197 21.5 0 0
10.277344  24891.780 3.5695421 909121 74900 173174 2.4963243 -0.83814298 1790621 98.2129 21.5 0 0
10.282187  24896.615 3.576539 904946 74734 173045 2.4939401 -0.83961653 1780454 98.2063 21.5 0 0
10.28707  24901.440 3.5835222 900692 74535 172828 2.4918945 -0.84102807 1768904 98.199 21.5 0 0
10.291914  24906.286 3.5904918 896522 74338 172625 2.4899006 -0.84249935 1760418 98.1946 21.5 0 0
10.296875  24911.121 3.5974479 890861 73995 172066 2.4881909 -0.8438806 1749587 98.1856 21.5 0 0
10.301836  24915.947 3.6043905 890395 74156 172757 2.4854942 -0.845715 1749506 98.1807 21.5 0 0
10.306797  24920.782 3.6113199 887609 74050 172772 2.4837908 -0.84723227 1745385 98.1723 21.5 0 0
10.311758  24925.658 3.6182359 884734 73929 172760 2.4821819 -0.84879817 1741229 98.1665 21.5 0 0
10.316758  24930.543 3.6251388 880623 73772 172654 2.4796504 -0.85031034 1734877 98.1595 21.5 0 0
10.321719  24935.408 3.6320285 880570 73886 173231 2.4780461 -0.8521026 1739355 98.1517 21.5 0 0
10.326797  24940.293 3.6389052 877528 73793 173289 2.475845 -0.85369684 1739704 98.1448 21.5 0 0
10.331875  24945.168 3.6457689 877001 73932 173920 2.4733624 -0.85544967 1745863 98.1397 21.5 0 0
10.336914  24950.042 3.6526198 874260 73896 174109 2.4707191 -0.85702284 1744259 98.1331 21.5 0 0
10.341992  24954.927 3.6594578 872469 73942 174537 2.4680461 -0.85885575 1744509 98.1264 21.5 0 0
10.34707  24959.803 3.666283 869927 73913 174744 2.4655206 -0.86043332 1743308 98.1198 21.5 0 0
10.352266  24964.679 3.6730956 867315 73887 174979 2.4628653 -0.86212907 1738771 98.1125 21.5 0 0
10.357383  24969.555 3.6798955 860448 73500 174291 2.4601678 -0.86344091 1720374 98.1046 21.5 0 0
10.362617  24974.441 3.6866829 856567 73364 174236 2.4574992 -0.86497735 1707985 98.099 21.5 0 0
10.367695  24979.307 3.6934579 846062 72661 172724 2.4547879 -0.86589016 1683258 98.0926 21.5 0 0
10.37293  24984.212 3.7002204 839344 72292 172065 2.4519072 -0.86715884 1667942 98.0852 21.5 0 0
10.378164  24989.118 3.7069706 837043 72375 172584 2.4480145 -0.86902314 1660579 98.0776 21.5 0 0
10.383398  24994.014 3.7137085 837441 72621 173516 2.4450967 -0.87101568 1660984 98.0727 21.5 0 0
10.388633  24998.920 3.7204343 835312 72618 173800 2.4425925 -0.87269239 1657206 98.0658 21.5 0 0
10.393945  25003.926 3.7271479 834384 72724 174367 2.4400223 -0.87449082 1656920 98.0604 21.5 0 0
10.399219  25008.933 3.7338494 828568 72401 173835 2.4374788 -0.87588646 1645815 98.053 21.5 0 0
10.40457  25013.949 3.7405389 823179 72116 173397 2.4348977 -0.87730783 1636392 98.0455 21.5 0 0
10.409883  25018.965 3.7472165 813804 71493 172080 2.43212 -0.87835994 1618331 98.0389 21.5 0 0
10.415273  25023.971 3.7538821 806711 71061 171244 2.4294268 -0.87955078 1604999 98.0311 21.5 0 0
10.420625  25028.986 3.760536 796766 70396 169805 2.4264246 -0.88051428 1586170 98.0245 21.5 0 0
10.426094  25034.003 3.7671781 789484 69968 168980 2.4233416 -0.88174237 1572860 98.0175 21.5 0 0
10.431445  25038.999 3.7738086 780190 69374 167714 2.4200253 -0.88274799 1554975 98.0125 21.5 0 0
10.436914  25044.016 3.7804274 774786 69117 167335 2.4167861 -0.88419707 1545266 98.0049 21.5 0 0
10.442305  25049.031 3.7870346 766886 68647 166380 2.4133607 -0.8852969 1531405 97.9972 21.5 0 0
10.447812  25054.038 3.7936303 760549 68366 165921 2.4091649 -0.88663615 1521200 97.9896 21.5 0 0
10.453281  25059.043 3.8002146 755490 68127 165590 2.4059929 -0.88814124 1517060 97.9842 21.5 0 0
10.458789  25064.059 3.8067875 750086 67860 165157 2.4027411 -0.88944978 1514516 97.9765 21.5 0 0
10.464375  25069.066 3.8133491 740783 67275 163909 2.398919 -0.8905227 1499277 97.97 21.5 0 0
10.469883  25074.082 3.8198994 734346 66921 163244 2.3954675 -0.89173319 1487568 97.9633 21.5 0 0
10.47543  25079.098 3.8264384 725249 66343 161997 2.3916768 -0.89273956 1469344 97.9561 21.5 0 0
10.481055  25084.266 3.8329664 720259 66123 161677 2.3880942 -0.89408387 1458294 97.9482 21.5 0 0
10.486641  25089.282 3.8394832 712505 65656 160715 2.3843579 -0.89520362 1437749 97.943 21.5 0 0
10.492305  25094.450 3.845989 706281 65304 160054 2.3809599 -0.89645797 1421915 97.9351 21.5 0 0
10.49793  25099.638 3.8524838 697900 64775 158911 2.3771561 -0.89742457 1404035 97.9278 21.5 0 0
10.503555  25104.825 3.8589676 690662 64324 157970 2.3737177 -0.89847233 1390432 97.9214 21.5 0 0
10.509297  25110.002 3.8654406 683637 63903 157114 2.3700608 -0.89960535 1377234 97.9125 21.5 0 0
10.514961  25115.180 3.8719028 680600 63832 157202 2.3667201 -0.90127697 1372161 97.9066 21.5 0 0
10.520742  25120.367 3.8783542 674297 63459 156462 2.3632766 -0.90241914 1361628 97.8986 21.5 0 0
10.526484  25125.544 3.8847949 672043 63437 156666 2.360275 -0.90406886 1358746 97.8917 21.5 0 0
10.532148  25130.732 3.8912249 666729 63154 156170 2.3568075 -0.90536897 1350263 97.883 21.5 0 0
10.538008  25135.910 3.8976443 664153 63124 156357 2.3534115 -0.90704081 1348924 97.8778 21.5 0 0
10.543789  25141.087 3.9040532 661303 63062 156465 2.3500938 -0.90871397 1346167 97.8698 21.5 0 0
10.549609  25146.275 3.9104515 659491 63076 156765 2.347128 -0.91040752 1344471 97.8641 21.5 0 0
10.555352  25151.443 3.9168394 653195 62708 156020 2.3433867 -0.91149517 1332566 97.8563 21.5 0 0
10.561289  25156.600 3.9232169 647855 62455 155599 2.3392206 -0.91283589 1323016 97.8497 21.5 0 0
10.56707  25161.768 3.9295841 645746 62446 155848 2.3361041 -0.91457899 1318825 97.8402 21.5 0 0
10.572969  25166.925 3.935941 639806 62095 155140 2.3324995 -0.91566246 1306110 97.8371 21.5 0 0
10.578906  25172.092 3.9422876 632867 61719 154379 2.3276685 -0.91681879 1292840 97.8281 21.5 0 0
10.584844  25177.301 3.948624 627261 61386 153722 2.3241809 -0.91796398 1283179 97.8209 21.5 0 0
10.590859  25182.499 3.9549502 616964 60670 151989 2.3193613 -0.91835881 1263963 97.815 21.5 0 0
10.596797  25187.707 3.9612664 609669 60211 150963 2.3150611 -0.91917971 1250354 97.8083 21.5 0 0
10.602695  25192.925 3.9675725 600724 59608 149537 2.3103458 -0.91975406 1233147 97.8028 21.5 0 0
10.608789  25198.122 3.9738685 592549 59073 148300 2.3056596 -0.92046328 1217691 97.7915 21.5 0 0
10.614727  25203.331 3.9801547 582298 58340 146505 2.3006944 -0.92077159 1197201 97.7867 21.5 0 0
10.620781  25208.528 3.9864309 572515 57716 145028 2.2945045 -0.9213924 1178391 97.7792 21.5 0 0
10.626875  25213.745 3.9926972 569437 57597 144947 2.2911777 -0.92289768 1173570 97.7714 21.5 0 0
10.632969  25218.953 3.9989538 559405 56850 143097 2.2864575 -0.9231065 1154474 97.7665 21.5 0 0
10.639023  25224.151 4.0052005 551275 56306 141816 2.2814327 -0.92372934 1139346 97.7573 21.5 0 0
#F ZnO_ref_ZnK
#E 1490376335
#D Sat Mar 25 03:54:50 2017
#C catexp  User = anka-bl-catact-0001
#O0   Energy  DCM_2Pitch  T1_height   T1_roll  T1_Pitch    T1_Yaw  T1_trans  Table1_J1
#O1 Table1_J2  Table1_J3  Table1_Y1  Table1_Y3  Table1_X     Hex_X     Hex_Y     Hex_Z
#O2 Hex_pitch  Hex_roll   Hex_yaw        m6        m7  M1_height   M1_roll  M1_pitch
#O3 M1_trans    M1_yaw  M1_Bend1  DCM_height  DCM_pitch  DCM_roll  DCM_Lat1  M2_height
#O4  M2_roll  M2_pitch  M2_trans    M2_yaw  M2_Bend1  M2_Bend2      Mono  

